The input file has: 14 atoms
Atoms and coordinates (in Å):
C      0.050000     -0.030000     -0.390300
C     -0.564500      1.397300      0.130100
C      1.474200     -0.210900      0.090100
C     -0.929700     -1.136500      0.150100
H      0.050000      0.010000     -1.467100
H     -0.565700      1.420700      1.243900
H      0.112200      2.187100     -0.276900
H     -1.562600      1.544700     -0.241900
H      1.451000     -0.239200      1.284000
H      2.058200      0.537200     -0.256800
H      1.850800     -1.143400     -0.216900
H     -0.915400     -1.161600      1.213900
H     -0.495500     -2.062000     -0.236900
H     -1.873000     -1.043600     -0.216900
Number of coordinates:
Stretching:     13 Bending:     24 Torsion:     27
Internal:     64 Cartesian:     42 
Potential energy at input structure:
   17.813286 kcal/mol
Stretch, Bend, Torsion, VDW components of potential energy:
   16.070730     1.773297     0.075167    -0.105908
Geometry optimization gradient RMS threshold:     0.00100000
Gradient of the energy for initial structure (in kcal/mol/Angstrom
C     65.868562    -54.318971    -46.335951
C    -59.897707     54.165860     13.746274
C     49.696773     27.244980   -107.245664
C    -88.875780     -7.444054     21.637592
H      1.151966      4.672654     23.307159
H      0.166272     -1.562818      2.436571
H      5.615202     -0.658595     -4.330003
H     22.725722     -2.965804      8.822862
H     -4.436162     -6.444597     58.453939
H    -41.744597    -51.723653     22.107413
H    -15.093836     34.788122     17.054001
H      2.797794     -0.110586    -32.609140
H      0.680875     14.316800      0.994869
H     61.344914     -9.959337     21.960078
Initial Guess for the Inverse Hessian
Row    1    0.003333  0.000000  0.000000  0.000000  0.000000  0.000000  0.000000  0.000000  0.000000  0.000000  0.000000  0.000000  0.000000  0.000000  0.000000  0.000000  0.000000  0.000000  0.000000  0.000000  0.000000  0.000000  0.000000  0.000000  0.000000  0.000000  0.000000  0.000000  0.000000  0.000000  0.000000  0.000000  0.000000  0.000000  0.000000  0.000000  0.000000  0.000000  0.000000  0.000000  0.000000  0.000000
Row    2    0.000000  0.003333  0.000000  0.000000  0.000000  0.000000  0.000000  0.000000  0.000000  0.000000  0.000000  0.000000  0.000000  0.000000  0.000000  0.000000  0.000000  0.000000  0.000000  0.000000  0.000000  0.000000  0.000000  0.000000  0.000000  0.000000  0.000000  0.000000  0.000000  0.000000  0.000000  0.000000  0.000000  0.000000  0.000000  0.000000  0.000000  0.000000  0.000000  0.000000  0.000000  0.000000
Row    3    0.000000  0.000000  0.003333  0.000000  0.000000  0.000000  0.000000  0.000000  0.000000  0.000000  0.000000  0.000000  0.000000  0.000000  0.000000  0.000000  0.000000  0.000000  0.000000  0.000000  0.000000  0.000000  0.000000  0.000000  0.000000  0.000000  0.000000  0.000000  0.000000  0.000000  0.000000  0.000000  0.000000  0.000000  0.000000  0.000000  0.000000  0.000000  0.000000  0.000000  0.000000  0.000000
Row    4    0.000000  0.000000  0.000000  0.003333  0.000000  0.000000  0.000000  0.000000  0.000000  0.000000  0.000000  0.000000  0.000000  0.000000  0.000000  0.000000  0.000000  0.000000  0.000000  0.000000  0.000000  0.000000  0.000000  0.000000  0.000000  0.000000  0.000000  0.000000  0.000000  0.000000  0.000000  0.000000  0.000000  0.000000  0.000000  0.000000  0.000000  0.000000  0.000000  0.000000  0.000000  0.000000
Row    5    0.000000  0.000000  0.000000  0.000000  0.003333  0.000000  0.000000  0.000000  0.000000  0.000000  0.000000  0.000000  0.000000  0.000000  0.000000  0.000000  0.000000  0.000000  0.000000  0.000000  0.000000  0.000000  0.000000  0.000000  0.000000  0.000000  0.000000  0.000000  0.000000  0.000000  0.000000  0.000000  0.000000  0.000000  0.000000  0.000000  0.000000  0.000000  0.000000  0.000000  0.000000  0.000000
Row    6    0.000000  0.000000  0.000000  0.000000  0.000000  0.003333  0.000000  0.000000  0.000000  0.000000  0.000000  0.000000  0.000000  0.000000  0.000000  0.000000  0.000000  0.000000  0.000000  0.000000  0.000000  0.000000  0.000000  0.000000  0.000000  0.000000  0.000000  0.000000  0.000000  0.000000  0.000000  0.000000  0.000000  0.000000  0.000000  0.000000  0.000000  0.000000  0.000000  0.000000  0.000000  0.000000
Row    7    0.000000  0.000000  0.000000  0.000000  0.000000  0.000000  0.003333  0.000000  0.000000  0.000000  0.000000  0.000000  0.000000  0.000000  0.000000  0.000000  0.000000  0.000000  0.000000  0.000000  0.000000  0.000000  0.000000  0.000000  0.000000  0.000000  0.000000  0.000000  0.000000  0.000000  0.000000  0.000000  0.000000  0.000000  0.000000  0.000000  0.000000  0.000000  0.000000  0.000000  0.000000  0.000000
Row    8    0.000000  0.000000  0.000000  0.000000  0.000000  0.000000  0.000000  0.003333  0.000000  0.000000  0.000000  0.000000  0.000000  0.000000  0.000000  0.000000  0.000000  0.000000  0.000000  0.000000  0.000000  0.000000  0.000000  0.000000  0.000000  0.000000  0.000000  0.000000  0.000000  0.000000  0.000000  0.000000  0.000000  0.000000  0.000000  0.000000  0.000000  0.000000  0.000000  0.000000  0.000000  0.000000
Row    9    0.000000  0.000000  0.000000  0.000000  0.000000  0.000000  0.000000  0.000000  0.003333  0.000000  0.000000  0.000000  0.000000  0.000000  0.000000  0.000000  0.000000  0.000000  0.000000  0.000000  0.000000  0.000000  0.000000  0.000000  0.000000  0.000000  0.000000  0.000000  0.000000  0.000000  0.000000  0.000000  0.000000  0.000000  0.000000  0.000000  0.000000  0.000000  0.000000  0.000000  0.000000  0.000000
Row   10    0.000000  0.000000  0.000000  0.000000  0.000000  0.000000  0.000000  0.000000  0.000000  0.003333  0.000000  0.000000  0.000000  0.000000  0.000000  0.000000  0.000000  0.000000  0.000000  0.000000  0.000000  0.000000  0.000000  0.000000  0.000000  0.000000  0.000000  0.000000  0.000000  0.000000  0.000000  0.000000  0.000000  0.000000  0.000000  0.000000  0.000000  0.000000  0.000000  0.000000  0.000000  0.000000
Row   11    0.000000  0.000000  0.000000  0.000000  0.000000  0.000000  0.000000  0.000000  0.000000  0.000000  0.003333  0.000000  0.000000  0.000000  0.000000  0.000000  0.000000  0.000000  0.000000  0.000000  0.000000  0.000000  0.000000  0.000000  0.000000  0.000000  0.000000  0.000000  0.000000  0.000000  0.000000  0.000000  0.000000  0.000000  0.000000  0.000000  0.000000  0.000000  0.000000  0.000000  0.000000  0.000000
Row   12    0.000000  0.000000  0.000000  0.000000  0.000000  0.000000  0.000000  0.000000  0.000000  0.000000  0.000000  0.003333  0.000000  0.000000  0.000000  0.000000  0.000000  0.000000  0.000000  0.000000  0.000000  0.000000  0.000000  0.000000  0.000000  0.000000  0.000000  0.000000  0.000000  0.000000  0.000000  0.000000  0.000000  0.000000  0.000000  0.000000  0.000000  0.000000  0.000000  0.000000  0.000000  0.000000
Row   13    0.000000  0.000000  0.000000  0.000000  0.000000  0.000000  0.000000  0.000000  0.000000  0.000000  0.000000  0.000000  0.003333  0.000000  0.000000  0.000000  0.000000  0.000000  0.000000  0.000000  0.000000  0.000000  0.000000  0.000000  0.000000  0.000000  0.000000  0.000000  0.000000  0.000000  0.000000  0.000000  0.000000  0.000000  0.000000  0.000000  0.000000  0.000000  0.000000  0.000000  0.000000  0.000000
Row   14    0.000000  0.000000  0.000000  0.000000  0.000000  0.000000  0.000000  0.000000  0.000000  0.000000  0.000000  0.000000  0.000000  0.003333  0.000000  0.000000  0.000000  0.000000  0.000000  0.000000  0.000000  0.000000  0.000000  0.000000  0.000000  0.000000  0.000000  0.000000  0.000000  0.000000  0.000000  0.000000  0.000000  0.000000  0.000000  0.000000  0.000000  0.000000  0.000000  0.000000  0.000000  0.000000
Row   15    0.000000  0.000000  0.000000  0.000000  0.000000  0.000000  0.000000  0.000000  0.000000  0.000000  0.000000  0.000000  0.000000  0.000000  0.003333  0.000000  0.000000  0.000000  0.000000  0.000000  0.000000  0.000000  0.000000  0.000000  0.000000  0.000000  0.000000  0.000000  0.000000  0.000000  0.000000  0.000000  0.000000  0.000000  0.000000  0.000000  0.000000  0.000000  0.000000  0.000000  0.000000  0.000000
Row   16    0.000000  0.000000  0.000000  0.000000  0.000000  0.000000  0.000000  0.000000  0.000000  0.000000  0.000000  0.000000  0.000000  0.000000  0.000000  0.003333  0.000000  0.000000  0.000000  0.000000  0.000000  0.000000  0.000000  0.000000  0.000000  0.000000  0.000000  0.000000  0.000000  0.000000  0.000000  0.000000  0.000000  0.000000  0.000000  0.000000  0.000000  0.000000  0.000000  0.000000  0.000000  0.000000
Row   17    0.000000  0.000000  0.000000  0.000000  0.000000  0.000000  0.000000  0.000000  0.000000  0.000000  0.000000  0.000000  0.000000  0.000000  0.000000  0.000000  0.003333  0.000000  0.000000  0.000000  0.000000  0.000000  0.000000  0.000000  0.000000  0.000000  0.000000  0.000000  0.000000  0.000000  0.000000  0.000000  0.000000  0.000000  0.000000  0.000000  0.000000  0.000000  0.000000  0.000000  0.000000  0.000000
Row   18    0.000000  0.000000  0.000000  0.000000  0.000000  0.000000  0.000000  0.000000  0.000000  0.000000  0.000000  0.000000  0.000000  0.000000  0.000000  0.000000  0.000000  0.003333  0.000000  0.000000  0.000000  0.000000  0.000000  0.000000  0.000000  0.000000  0.000000  0.000000  0.000000  0.000000  0.000000  0.000000  0.000000  0.000000  0.000000  0.000000  0.000000  0.000000  0.000000  0.000000  0.000000  0.000000
Row   19    0.000000  0.000000  0.000000  0.000000  0.000000  0.000000  0.000000  0.000000  0.000000  0.000000  0.000000  0.000000  0.000000  0.000000  0.000000  0.000000  0.000000  0.000000  0.003333  0.000000  0.000000  0.000000  0.000000  0.000000  0.000000  0.000000  0.000000  0.000000  0.000000  0.000000  0.000000  0.000000  0.000000  0.000000  0.000000  0.000000  0.000000  0.000000  0.000000  0.000000  0.000000  0.000000
Row   20    0.000000  0.000000  0.000000  0.000000  0.000000  0.000000  0.000000  0.000000  0.000000  0.000000  0.000000  0.000000  0.000000  0.000000  0.000000  0.000000  0.000000  0.000000  0.000000  0.003333  0.000000  0.000000  0.000000  0.000000  0.000000  0.000000  0.000000  0.000000  0.000000  0.000000  0.000000  0.000000  0.000000  0.000000  0.000000  0.000000  0.000000  0.000000  0.000000  0.000000  0.000000  0.000000
Row   21    0.000000  0.000000  0.000000  0.000000  0.000000  0.000000  0.000000  0.000000  0.000000  0.000000  0.000000  0.000000  0.000000  0.000000  0.000000  0.000000  0.000000  0.000000  0.000000  0.000000  0.003333  0.000000  0.000000  0.000000  0.000000  0.000000  0.000000  0.000000  0.000000  0.000000  0.000000  0.000000  0.000000  0.000000  0.000000  0.000000  0.000000  0.000000  0.000000  0.000000  0.000000  0.000000
Row   22    0.000000  0.000000  0.000000  0.000000  0.000000  0.000000  0.000000  0.000000  0.000000  0.000000  0.000000  0.000000  0.000000  0.000000  0.000000  0.000000  0.000000  0.000000  0.000000  0.000000  0.000000  0.003333  0.000000  0.000000  0.000000  0.000000  0.000000  0.000000  0.000000  0.000000  0.000000  0.000000  0.000000  0.000000  0.000000  0.000000  0.000000  0.000000  0.000000  0.000000  0.000000  0.000000
Row   23    0.000000  0.000000  0.000000  0.000000  0.000000  0.000000  0.000000  0.000000  0.000000  0.000000  0.000000  0.000000  0.000000  0.000000  0.000000  0.000000  0.000000  0.000000  0.000000  0.000000  0.000000  0.000000  0.003333  0.000000  0.000000  0.000000  0.000000  0.000000  0.000000  0.000000  0.000000  0.000000  0.000000  0.000000  0.000000  0.000000  0.000000  0.000000  0.000000  0.000000  0.000000  0.000000
Row   24    0.000000  0.000000  0.000000  0.000000  0.000000  0.000000  0.000000  0.000000  0.000000  0.000000  0.000000  0.000000  0.000000  0.000000  0.000000  0.000000  0.000000  0.000000  0.000000  0.000000  0.000000  0.000000  0.000000  0.003333  0.000000  0.000000  0.000000  0.000000  0.000000  0.000000  0.000000  0.000000  0.000000  0.000000  0.000000  0.000000  0.000000  0.000000  0.000000  0.000000  0.000000  0.000000
Row   25    0.000000  0.000000  0.000000  0.000000  0.000000  0.000000  0.000000  0.000000  0.000000  0.000000  0.000000  0.000000  0.000000  0.000000  0.000000  0.000000  0.000000  0.000000  0.000000  0.000000  0.000000  0.000000  0.000000  0.000000  0.003333  0.000000  0.000000  0.000000  0.000000  0.000000  0.000000  0.000000  0.000000  0.000000  0.000000  0.000000  0.000000  0.000000  0.000000  0.000000  0.000000  0.000000
Row   26    0.000000  0.000000  0.000000  0.000000  0.000000  0.000000  0.000000  0.000000  0.000000  0.000000  0.000000  0.000000  0.000000  0.000000  0.000000  0.000000  0.000000  0.000000  0.000000  0.000000  0.000000  0.000000  0.000000  0.000000  0.000000  0.003333  0.000000  0.000000  0.000000  0.000000  0.000000  0.000000  0.000000  0.000000  0.000000  0.000000  0.000000  0.000000  0.000000  0.000000  0.000000  0.000000
Row   27    0.000000  0.000000  0.000000  0.000000  0.000000  0.000000  0.000000  0.000000  0.000000  0.000000  0.000000  0.000000  0.000000  0.000000  0.000000  0.000000  0.000000  0.000000  0.000000  0.000000  0.000000  0.000000  0.000000  0.000000  0.000000  0.000000  0.003333  0.000000  0.000000  0.000000  0.000000  0.000000  0.000000  0.000000  0.000000  0.000000  0.000000  0.000000  0.000000  0.000000  0.000000  0.000000
Row   28    0.000000  0.000000  0.000000  0.000000  0.000000  0.000000  0.000000  0.000000  0.000000  0.000000  0.000000  0.000000  0.000000  0.000000  0.000000  0.000000  0.000000  0.000000  0.000000  0.000000  0.000000  0.000000  0.000000  0.000000  0.000000  0.000000  0.000000  0.003333  0.000000  0.000000  0.000000  0.000000  0.000000  0.000000  0.000000  0.000000  0.000000  0.000000  0.000000  0.000000  0.000000  0.000000
Row   29    0.000000  0.000000  0.000000  0.000000  0.000000  0.000000  0.000000  0.000000  0.000000  0.000000  0.000000  0.000000  0.000000  0.000000  0.000000  0.000000  0.000000  0.000000  0.000000  0.000000  0.000000  0.000000  0.000000  0.000000  0.000000  0.000000  0.000000  0.000000  0.003333  0.000000  0.000000  0.000000  0.000000  0.000000  0.000000  0.000000  0.000000  0.000000  0.000000  0.000000  0.000000  0.000000
Row   30    0.000000  0.000000  0.000000  0.000000  0.000000  0.000000  0.000000  0.000000  0.000000  0.000000  0.000000  0.000000  0.000000  0.000000  0.000000  0.000000  0.000000  0.000000  0.000000  0.000000  0.000000  0.000000  0.000000  0.000000  0.000000  0.000000  0.000000  0.000000  0.000000  0.003333  0.000000  0.000000  0.000000  0.000000  0.000000  0.000000  0.000000  0.000000  0.000000  0.000000  0.000000  0.000000
Row   31    0.000000  0.000000  0.000000  0.000000  0.000000  0.000000  0.000000  0.000000  0.000000  0.000000  0.000000  0.000000  0.000000  0.000000  0.000000  0.000000  0.000000  0.000000  0.000000  0.000000  0.000000  0.000000  0.000000  0.000000  0.000000  0.000000  0.000000  0.000000  0.000000  0.000000  0.003333  0.000000  0.000000  0.000000  0.000000  0.000000  0.000000  0.000000  0.000000  0.000000  0.000000  0.000000
Row   32    0.000000  0.000000  0.000000  0.000000  0.000000  0.000000  0.000000  0.000000  0.000000  0.000000  0.000000  0.000000  0.000000  0.000000  0.000000  0.000000  0.000000  0.000000  0.000000  0.000000  0.000000  0.000000  0.000000  0.000000  0.000000  0.000000  0.000000  0.000000  0.000000  0.000000  0.000000  0.003333  0.000000  0.000000  0.000000  0.000000  0.000000  0.000000  0.000000  0.000000  0.000000  0.000000
Row   33    0.000000  0.000000  0.000000  0.000000  0.000000  0.000000  0.000000  0.000000  0.000000  0.000000  0.000000  0.000000  0.000000  0.000000  0.000000  0.000000  0.000000  0.000000  0.000000  0.000000  0.000000  0.000000  0.000000  0.000000  0.000000  0.000000  0.000000  0.000000  0.000000  0.000000  0.000000  0.000000  0.003333  0.000000  0.000000  0.000000  0.000000  0.000000  0.000000  0.000000  0.000000  0.000000
Row   34    0.000000  0.000000  0.000000  0.000000  0.000000  0.000000  0.000000  0.000000  0.000000  0.000000  0.000000  0.000000  0.000000  0.000000  0.000000  0.000000  0.000000  0.000000  0.000000  0.000000  0.000000  0.000000  0.000000  0.000000  0.000000  0.000000  0.000000  0.000000  0.000000  0.000000  0.000000  0.000000  0.000000  0.003333  0.000000  0.000000  0.000000  0.000000  0.000000  0.000000  0.000000  0.000000
Row   35    0.000000  0.000000  0.000000  0.000000  0.000000  0.000000  0.000000  0.000000  0.000000  0.000000  0.000000  0.000000  0.000000  0.000000  0.000000  0.000000  0.000000  0.000000  0.000000  0.000000  0.000000  0.000000  0.000000  0.000000  0.000000  0.000000  0.000000  0.000000  0.000000  0.000000  0.000000  0.000000  0.000000  0.000000  0.003333  0.000000  0.000000  0.000000  0.000000  0.000000  0.000000  0.000000
Row   36    0.000000  0.000000  0.000000  0.000000  0.000000  0.000000  0.000000  0.000000  0.000000  0.000000  0.000000  0.000000  0.000000  0.000000  0.000000  0.000000  0.000000  0.000000  0.000000  0.000000  0.000000  0.000000  0.000000  0.000000  0.000000  0.000000  0.000000  0.000000  0.000000  0.000000  0.000000  0.000000  0.000000  0.000000  0.000000  0.003333  0.000000  0.000000  0.000000  0.000000  0.000000  0.000000
Row   37    0.000000  0.000000  0.000000  0.000000  0.000000  0.000000  0.000000  0.000000  0.000000  0.000000  0.000000  0.000000  0.000000  0.000000  0.000000  0.000000  0.000000  0.000000  0.000000  0.000000  0.000000  0.000000  0.000000  0.000000  0.000000  0.000000  0.000000  0.000000  0.000000  0.000000  0.000000  0.000000  0.000000  0.000000  0.000000  0.000000  0.003333  0.000000  0.000000  0.000000  0.000000  0.000000
Row   38    0.000000  0.000000  0.000000  0.000000  0.000000  0.000000  0.000000  0.000000  0.000000  0.000000  0.000000  0.000000  0.000000  0.000000  0.000000  0.000000  0.000000  0.000000  0.000000  0.000000  0.000000  0.000000  0.000000  0.000000  0.000000  0.000000  0.000000  0.000000  0.000000  0.000000  0.000000  0.000000  0.000000  0.000000  0.000000  0.000000  0.000000  0.003333  0.000000  0.000000  0.000000  0.000000
Row   39    0.000000  0.000000  0.000000  0.000000  0.000000  0.000000  0.000000  0.000000  0.000000  0.000000  0.000000  0.000000  0.000000  0.000000  0.000000  0.000000  0.000000  0.000000  0.000000  0.000000  0.000000  0.000000  0.000000  0.000000  0.000000  0.000000  0.000000  0.000000  0.000000  0.000000  0.000000  0.000000  0.000000  0.000000  0.000000  0.000000  0.000000  0.000000  0.003333  0.000000  0.000000  0.000000
Row   40    0.000000  0.000000  0.000000  0.000000  0.000000  0.000000  0.000000  0.000000  0.000000  0.000000  0.000000  0.000000  0.000000  0.000000  0.000000  0.000000  0.000000  0.000000  0.000000  0.000000  0.000000  0.000000  0.000000  0.000000  0.000000  0.000000  0.000000  0.000000  0.000000  0.000000  0.000000  0.000000  0.000000  0.000000  0.000000  0.000000  0.000000  0.000000  0.000000  0.003333  0.000000  0.000000
Row   41    0.000000  0.000000  0.000000  0.000000  0.000000  0.000000  0.000000  0.000000  0.000000  0.000000  0.000000  0.000000  0.000000  0.000000  0.000000  0.000000  0.000000  0.000000  0.000000  0.000000  0.000000  0.000000  0.000000  0.000000  0.000000  0.000000  0.000000  0.000000  0.000000  0.000000  0.000000  0.000000  0.000000  0.000000  0.000000  0.000000  0.000000  0.000000  0.000000  0.000000  0.003333  0.000000
Row   42    0.000000  0.000000  0.000000  0.000000  0.000000  0.000000  0.000000  0.000000  0.000000  0.000000  0.000000  0.000000  0.000000  0.000000  0.000000  0.000000  0.000000  0.000000  0.000000  0.000000  0.000000  0.000000  0.000000  0.000000  0.000000  0.000000  0.000000  0.000000  0.000000  0.000000  0.000000  0.000000  0.000000  0.000000  0.000000  0.000000  0.000000  0.000000  0.000000  0.000000  0.000000  0.003333

***** Geometry optimization cycle number   1 ******

Predicted structure change p_k = -M_k grad V(r_k)
C     -0.219562      0.181063      0.154453
C      0.199659     -0.180553     -0.045821
C     -0.165656     -0.090817      0.357486
C      0.296253      0.024814     -0.072125
H     -0.003840     -0.015576     -0.077691
H     -0.000554      0.005209     -0.008122
H     -0.018717      0.002195      0.014433
H     -0.075752      0.009886     -0.029410
H      0.014787      0.021482     -0.194846
H      0.139149      0.172412     -0.073691
H      0.050313     -0.115960     -0.056847
H     -0.009326      0.000369      0.108697
H     -0.002270     -0.047723     -0.003316
H     -0.204483      0.033198     -0.073200
    Line search: alpha and energy:     0.800000   226.424415
    Line search: alpha and energy:     0.640000   126.675959
    Line search: alpha and energy:     0.512000    67.852751
    Line search: alpha and energy:     0.409600    34.220569
    Line search: alpha and energy:     0.327680    15.879921
    Line search: alpha and energy:     0.262144     6.665274
New structure r_k+1 = r_k + s_k = r_k + alpha_k p_k
C     -0.007557      0.017465     -0.349811
C     -0.512161      1.349969      0.118088
C      1.430774     -0.234707      0.183813
C     -0.852039     -1.129995      0.131193
H      0.048993      0.005917     -1.487466
H     -0.565845      1.422066      1.241771
H      0.107293      2.187675     -0.273116
H     -1.582458      1.547292     -0.249610
H      1.454876     -0.233569      1.232922
H      2.094677      0.582397     -0.276118
H      1.863989     -1.173798     -0.231802
H     -0.917845     -1.161503      1.242394
H     -0.496095     -2.074510     -0.237769
H     -1.926604     -1.034897     -0.236089
Energy before update and after:    17.81328636     6.66527425 And GRMS:     22.6372760
New gradient g_k+1:
C    -40.924451     18.202574     26.692161
C     45.365975    -36.219853    -12.669285
C    -12.403220    -26.204389     74.305176
C     58.847756     -6.301747    -10.927613
H      4.571693     -0.686608    -19.890979
H     -5.630904      3.968149     11.026989
H     -3.216460      4.130674     -1.104888
H    -25.416376      9.310339     -4.942481
H     -3.857421     -1.103077    -43.185192
H     14.864140     14.766921    -19.269969
H      6.783532      2.441187     -5.858255
H     -5.221788     -0.509206      1.447599
H    -13.037769     20.804952      7.752625
H    -20.724707     -2.599914     -3.375887
Updated guess for the Inverse Hessian (equation 12)
Row    1    0.003105  0.000149  0.000155  0.000228 -0.000194 -0.000058 -0.000126 -0.000118  0.000391  0.000317 -0.000002 -0.000069  0.000009 -0.000011 -0.000094 -0.000014  0.000013  0.000023 -0.000019  0.000012  0.000005 -0.000107  0.000029 -0.000029 -0.000001  0.000009 -0.000220  0.000117  0.000135 -0.000090  0.000046 -0.000060 -0.000047 -0.000018 -0.000001  0.000066 -0.000034  0.000025  0.000018 -0.000169  0.000012 -0.000050
Row    2    0.000149  0.003243 -0.000101 -0.000152  0.000128  0.000040  0.000074  0.000081 -0.000259 -0.000209  0.000006  0.000044 -0.000008  0.000006  0.000064  0.000012 -0.000010 -0.000020  0.000012 -0.000009 -0.000002  0.000075 -0.000022  0.000019  0.000004 -0.000004  0.000147 -0.000072 -0.000081  0.000061 -0.000029  0.000029  0.000029  0.000014  0.000001 -0.000035  0.000028 -0.000029 -0.000015  0.000103 -0.000004  0.000028
Row    3    0.000155 -0.000101  0.003228 -0.000156  0.000132  0.000040  0.000084  0.000081 -0.000266 -0.000216  0.000002  0.000047 -0.000007  0.000007  0.000064  0.000010 -0.000009 -0.000016  0.000013 -0.000008 -0.000003  0.000074 -0.000020  0.000020  0.000001 -0.000006  0.000150 -0.000079 -0.000091  0.000062 -0.000031  0.000039  0.000032  0.000013  0.000001 -0.000044  0.000024 -0.000019 -0.000012  0.000114 -0.000008  0.000034
Row    4    0.000228 -0.000152 -0.000156  0.003107  0.000193  0.000057  0.000130  0.000115 -0.000389 -0.000316 -0.000001  0.000069 -0.000008  0.000011  0.000093  0.000013 -0.000012 -0.000020  0.000019 -0.000011 -0.000006  0.000104 -0.000027  0.000029 -0.000000 -0.000011  0.000218 -0.000119 -0.000139  0.000089 -0.000046  0.000065  0.000048  0.000018  0.000001 -0.000070  0.000031 -0.000018 -0.000016  0.000173 -0.000014  0.000053
Row    5   -0.000194  0.000128  0.000132  0.000193  0.003168 -0.000049 -0.000108 -0.000099  0.000332  0.000269 -0.000001 -0.000059  0.000008 -0.000009 -0.000080 -0.000012  0.000011  0.000019 -0.000016  0.000010  0.000005 -0.000090  0.000024 -0.000025 -0.000001  0.000008 -0.000186  0.000100  0.000116 -0.000077  0.000039 -0.000053 -0.000040 -0.000015 -0.000001  0.000057 -0.000028  0.000019  0.000014 -0.000145  0.000011 -0.000043
Row    6   -0.000058  0.000040  0.000040  0.000057 -0.000049  0.003319 -0.000034 -0.000029  0.000098  0.000080  0.000001 -0.000018  0.000002 -0.000003 -0.000023 -0.000003  0.000003  0.000004 -0.000005  0.000003  0.000002 -0.000026  0.000007 -0.000007  0.000000  0.000003 -0.000055  0.000031  0.000036 -0.000022  0.000012 -0.000018 -0.000013 -0.000004 -0.000000  0.000019 -0.000007  0.000003  0.000004 -0.000045  0.000004 -0.000014
Row    7   -0.000126  0.000074  0.000084  0.000130 -0.000108 -0.000034  0.003274 -0.000070  0.000219  0.000176 -0.000007 -0.000037  0.000008 -0.000005 -0.000055 -0.000011  0.000009  0.000019 -0.000010  0.000008  0.000001 -0.000065  0.000020 -0.000016 -0.000004  0.000003 -0.000125  0.000059  0.000066 -0.000053  0.000024 -0.000021 -0.000024 -0.000012 -0.000001  0.000027 -0.000025  0.000029  0.000014 -0.000084  0.000002 -0.000022
Row    8   -0.000118  0.000081  0.000081  0.000115 -0.000099 -0.000029 -0.000070  0.003275  0.000200  0.000163  0.000002 -0.000036  0.000003 -0.000006 -0.000047 -0.000006  0.000006  0.000009 -0.000010  0.000005  0.000004 -0.000052  0.000013 -0.000015  0.000001  0.000006 -0.000112  0.000063  0.000074 -0.000045  0.000024 -0.000037 -0.000026 -0.000009 -0.000000  0.000039 -0.000014  0.000005  0.000007 -0.000092  0.000009 -0.000029
Row    9    0.000391 -0.000259 -0.000266 -0.000389  0.000332  0.000098  0.000219  0.000200  0.002666 -0.000542  0.000001  0.000118 -0.000015  0.000019  0.000160  0.000024 -0.000022 -0.000037  0.000032 -0.000019 -0.000010  0.000181 -0.000048  0.000050  0.000001 -0.000017  0.000375 -0.000202 -0.000236  0.000154 -0.000079  0.000108  0.000082  0.000031  0.000002 -0.000116  0.000056 -0.000037 -0.000028  0.000293 -0.000023  0.000088
Row   10    0.000317 -0.000209 -0.000216 -0.000316  0.000269  0.000080  0.000176  0.000163 -0.000542  0.002893  0.000001  0.000096 -0.000012  0.000015  0.000130  0.000020 -0.000018 -0.000031  0.000026 -0.000016 -0.000008  0.000148 -0.000040  0.000041  0.000001 -0.000014  0.000305 -0.000163 -0.000190  0.000125 -0.000064  0.000086  0.000066  0.000025  0.000001 -0.000093  0.000046 -0.000032 -0.000024  0.000236 -0.000018  0.000071
Row   11   -0.000002  0.000006  0.000002 -0.000001 -0.000001  0.000001 -0.000007  0.000002  0.000001  0.000001  0.003337 -0.000001 -0.000002 -0.000001  0.000001  0.000002 -0.000001 -0.000004 -0.000000 -0.000001  0.000001  0.000003 -0.000002 -0.000000  0.000002  0.000002  0.000000  0.000004  0.000006  0.000001  0.000001 -0.000008 -0.000002  0.000001  0.000000  0.000006  0.000004 -0.000009 -0.000002 -0.000007  0.000003 -0.000003
Row   12   -0.000069  0.000044  0.000047  0.000069 -0.000059 -0.000018 -0.000037 -0.000036  0.000118  0.000096 -0.000001  0.003313  0.000003 -0.000003 -0.000029 -0.000005  0.000004  0.000008 -0.000006  0.000004  0.000001 -0.000033  0.000009 -0.000009 -0.000001  0.000002 -0.000067  0.000034  0.000040 -0.000028  0.000014 -0.000016 -0.000014 -0.000006 -0.000000  0.000018 -0.000011  0.000010  0.000006 -0.000050  0.000003 -0.000014
Row   13    0.000009 -0.000008 -0.000007 -0.000008  0.000008  0.000002  0.000008  0.000003 -0.000015 -0.000012 -0.000002  0.000003  0.003334  0.000001  0.000003 -0.000000 -0.000000  0.000001  0.000001  0.000000 -0.000001  0.000003 -0.000000  0.000001 -0.000001 -0.000001  0.000008 -0.000006 -0.000008  0.000003 -0.000002  0.000006  0.000003  0.000000 -0.000000 -0.000005 -0.000000  0.000003  0.000001  0.000009 -0.000002  0.000004
Row   14   -0.000011  0.000006  0.000007  0.000011 -0.000009 -0.000003 -0.000005 -0.000006  0.000019  0.000015 -0.000001 -0.000003  0.000001  0.003333 -0.000005 -0.000001  0.000001  0.000002 -0.000001  0.000001  0.000000 -0.000006  0.000002 -0.000001 -0.000000  0.000000 -0.000011  0.000005  0.000005 -0.000005  0.000002 -0.000001 -0.000002 -0.000001 -0.000000  0.000002 -0.000002  0.000003  0.000001 -0.000007  0.000000 -0.000002
Row   15   -0.000094  0.000064  0.000064  0.000093 -0.000080 -0.000023 -0.000055 -0.000047  0.000160  0.000130  0.000001 -0.000029  0.000003 -0.000005  0.003295 -0.000005  0.000005  0.000008 -0.000008  0.000004  0.000003 -0.000043  0.000011 -0.000012  0.000000  0.000005 -0.000090  0.000050  0.000059 -0.000037  0.000019 -0.000028 -0.000020 -0.000007 -0.000000  0.000030 -0.000012  0.000006  0.000006 -0.000072  0.000006 -0.000022
Row   16   -0.000014  0.000012  0.000010  0.000013 -0.000012 -0.000003 -0.000011 -0.000006  0.000024  0.000020  0.000002 -0.000005 -0.000000 -0.000001 -0.000005  0.003333  0.000000 -0.000000 -0.000001  0.000000  0.000001 -0.000005  0.000001 -0.000002  0.000001  0.000001 -0.000013  0.000009  0.000011 -0.000005  0.000003 -0.000007 -0.000004 -0.000001  0.000000  0.000007 -0.000000 -0.000003 -0.000000 -0.000013  0.000002 -0.000005
Row   17    0.000013 -0.000010 -0.000009 -0.000012  0.000011  0.000003  0.000009  0.000006 -0.000022 -0.000018 -0.000001  0.000004 -0.000000  0.000001  0.000005  0.000000  0.003333 -0.000000  0.000001 -0.000000 -0.000001  0.000005 -0.000001  0.000002 -0.000000 -0.000001  0.000012 -0.000008 -0.000009  0.000005 -0.000003  0.000005  0.000003  0.000001  0.000000 -0.000005  0.000001  0.000001 -0.000000  0.000011 -0.000001  0.000004
Row   18    0.000023 -0.000020 -0.000016 -0.000020  0.000019  0.000004  0.000019  0.000009 -0.000037 -0.000031 -0.000004  0.000008  0.000001  0.000002  0.000008 -0.000000 -0.000000  0.003335  0.000002  0.000000 -0.000002  0.000007 -0.000000  0.000003 -0.000002 -0.000003  0.000020 -0.000016 -0.000020  0.000007 -0.000006  0.000014  0.000006  0.000001 -0.000000 -0.000013 -0.000001  0.000008  0.000001  0.000023 -0.000004  0.000009
Row   19   -0.000019  0.000012  0.000013  0.000019 -0.000016 -0.000005 -0.000010 -0.000010  0.000032  0.000026 -0.000000 -0.000006  0.000001 -0.000001 -0.000008 -0.000001  0.000001  0.000002  0.003332  0.000001  0.000000 -0.000009  0.000002 -0.000002 -0.000000  0.000001 -0.000018  0.000010  0.000011 -0.000007  0.000004 -0.000005 -0.000004 -0.000002 -0.000000  0.000005 -0.000003  0.000002  0.000002 -0.000014  0.000001 -0.000004
Row   20    0.000012 -0.000009 -0.000008 -0.000011  0.000010  0.000003  0.000008  0.000005 -0.000019 -0.000016 -0.000001  0.000004  0.000000  0.000001  0.000004  0.000000 -0.000000  0.000000  0.000001  0.003333 -0.000001  0.000004 -0.000001  0.000002 -0.000001 -0.000001  0.000010 -0.000007 -0.000009  0.000004 -0.000003  0.000006  0.000003  0.000001 -0.000000 -0.000005  0.000000  0.000002 -0.000000  0.000010 -0.000002  0.000004
Row   21    0.000005 -0.000002 -0.000003 -0.000006  0.000005  0.000002  0.000001  0.000004 -0.000010 -0.000008  0.000001  0.000001 -0.000001  0.000000  0.000003  0.000001 -0.000001 -0.000002  0.000000 -0.000001  0.003334  0.000004 -0.000001  0.000001  0.000001  0.000000  0.000006 -0.000002 -0.000001  0.000003 -0.000001 -0.000001  0.000001  0.000001  0.000000  0.000000  0.000002 -0.000004 -0.000001  0.000002  0.000001  0.000000
Row   22   -0.000107  0.000075  0.000074  0.000104 -0.000090 -0.000026 -0.000065 -0.000052  0.000181  0.000148  0.000003 -0.000033  0.000003 -0.000006 -0.000043 -0.000005  0.000005  0.000007 -0.000009  0.000004  0.000004  0.003287  0.000011 -0.000014  0.000001  0.000006 -0.000101  0.000058  0.000069 -0.000041  0.000022 -0.000036 -0.000024 -0.000008 -0.000000  0.000037 -0.000012  0.000002  0.000006 -0.000085  0.000009 -0.000027
Row   23    0.000029 -0.000022 -0.000020 -0.000027  0.000024  0.000007  0.000020  0.000013 -0.000048 -0.000040 -0.000002  0.000009 -0.000000  0.000002  0.000011  0.000001 -0.000001 -0.000000  0.000002 -0.000001 -0.000001  0.000011  0.003331  0.000004 -0.000001 -0.000002  0.000027 -0.000017 -0.000021  0.000010 -0.000006  0.000013  0.000007  0.000002  0.000000 -0.000012  0.000002  0.000003 -0.000001  0.000025 -0.000003  0.000009
Row   24   -0.000029  0.000019  0.000020  0.000029 -0.000025 -0.000007 -0.000016 -0.000015  0.000050  0.000041 -0.000000 -0.000009  0.000001 -0.000001 -0.000012 -0.000002  0.000002  0.000003 -0.000002  0.000002  0.000001 -0.000014  0.000004  0.003330 -0.000000  0.000001 -0.000028  0.000015  0.000017 -0.000012  0.000006 -0.000007 -0.000006 -0.000002 -0.000000  0.000008 -0.000005  0.000004  0.000002 -0.000021  0.000001 -0.000006
Row   25   -0.000001  0.000004  0.000001 -0.000000 -0.000001  0.000000 -0.000004  0.000001  0.000001  0.000001  0.000002 -0.000001 -0.000001 -0.000000  0.000000  0.000001 -0.000000 -0.000002 -0.000000 -0.000001  0.000001  0.000001 -0.000001 -0.000000  0.003335  0.000001  0.000000  0.000003  0.000004  0.000001  0.000001 -0.000005 -0.000001  0.000001  0.000000  0.000004  0.000002 -0.000005 -0.000001 -0.000004  0.000002 -0.000002
Row   26    0.000009 -0.000004 -0.000006 -0.000011  0.000008  0.000003  0.000003  0.000006 -0.000017 -0.000014  0.000002  0.000002 -0.000001  0.000000  0.000005  0.000001 -0.000001 -0.000003  0.000001 -0.000001  0.000000  0.000006 -0.000002  0.000001  0.000001  0.003334  0.000010 -0.000003 -0.000003  0.000005 -0.000002 -0.000001  0.000001  0.000001  0.000000 -0.000000  0.000003 -0.000005 -0.000002  0.000005  0.000001  0.000001
Row   27   -0.000220  0.000147  0.000150  0.000218 -0.000186 -0.000055 -0.000125 -0.000112  0.000375  0.000305  0.000000 -0.000067  0.000008 -0.000011 -0.000090 -0.000013  0.000012  0.000020 -0.000018  0.000010  0.000006 -0.000101  0.000027 -0.000028  0.000000  0.000010  0.003123  0.000115  0.000134 -0.000086  0.000045 -0.000062 -0.000046 -0.000017 -0.000001  0.000067 -0.000030  0.000018  0.000015 -0.000166  0.000014 -0.000050
Row   28    0.000117 -0.000072 -0.000079 -0.000119  0.000100  0.000031  0.000059  0.000063 -0.000202 -0.000163  0.000004  0.000034 -0.000006  0.000005  0.000050  0.000009 -0.000008 -0.000016  0.000010 -0.000007 -0.000002  0.000058 -0.000017  0.000015  0.000003 -0.000003  0.000115  0.003277 -0.000064  0.000048 -0.000023  0.000023  0.000023  0.000011  0.000001 -0.000028  0.000021 -0.000022 -0.000012  0.000081 -0.000004  0.000023
Row   29    0.000135 -0.000081 -0.000091 -0.000139  0.000116  0.000036  0.000066  0.000074 -0.000236 -0.000190  0.000006  0.000040 -0.000008  0.000005  0.000059  0.000011 -0.000009 -0.000020  0.000011 -0.000009 -0.000001  0.000069 -0.000021  0.000017  0.000004 -0.000003  0.000134 -0.000064  0.003261  0.000056 -0.000026  0.000024  0.000026  0.000013  0.000001 -0.000030  0.000026 -0.000029 -0.000014  0.000092 -0.000003  0.000025
Row   30   -0.000090  0.000061  0.000062  0.000089 -0.000077 -0.000022 -0.000053 -0.000045  0.000154  0.000125  0.000001 -0.000028  0.000003 -0.000005 -0.000037 -0.000005  0.000005  0.000007 -0.000007  0.000004  0.000003 -0.000041  0.000010 -0.000012  0.000001  0.000005 -0.000086  0.000048  0.000056  0.003298  0.000019 -0.000027 -0.000019 -0.000007 -0.000000  0.000029 -0.000012  0.000005  0.000006 -0.000070  0.000006 -0.000022
Row   31    0.000046 -0.000029 -0.000031 -0.000046  0.000039  0.000012  0.000024  0.000024 -0.000079 -0.000064  0.000001  0.000014 -0.000002  0.000002  0.000019  0.000003 -0.000003 -0.000006  0.000004 -0.000003 -0.000001  0.000022 -0.000006  0.000006  0.000001 -0.000002  0.000045 -0.000023 -0.000026  0.000019  0.003324  0.000010  0.000009  0.000004  0.000000 -0.000012  0.000008 -0.000007 -0.000004  0.000033 -0.000002  0.000009
Row   32   -0.000060  0.000029  0.000039  0.000065 -0.000053 -0.000018 -0.000021 -0.000037  0.000108  0.000086 -0.000008 -0.000016  0.000006 -0.000001 -0.000028 -0.000007  0.000005  0.000014 -0.000005  0.000006 -0.000001 -0.000036  0.000013 -0.000007 -0.000005 -0.000001 -0.000062  0.000023  0.000024 -0.000027  0.000010  0.003334 -0.000009 -0.000007 -0.000001  0.000005 -0.000017  0.000026  0.000010 -0.000033 -0.000003 -0.000006
Row   33   -0.000047  0.000029  0.000032  0.000048 -0.000040 -0.000013 -0.000024 -0.000026  0.000082  0.000066 -0.000002 -0.000014  0.000003 -0.000002 -0.000020 -0.000004  0.000003  0.000006 -0.000004  0.000003  0.000001 -0.000024  0.000007 -0.000006 -0.000001  0.000001 -0.000046  0.000023  0.000026 -0.000019  0.000009 -0.000009  0.003324 -0.000004 -0.000000  0.000011 -0.000009  0.000009  0.000005 -0.000033  0.000001 -0.000009
Row   34   -0.000018  0.000014  0.000013  0.000018 -0.000015 -0.000004 -0.000012 -0.000009  0.000031  0.000025  0.000001 -0.000006  0.000000 -0.000001 -0.000007 -0.000001  0.000001  0.000001 -0.000002  0.000001  0.000001 -0.000008  0.000002 -0.000002  0.000001  0.000001 -0.000017  0.000011  0.000013 -0.000007  0.000004 -0.000007 -0.000004  0.003332 -0.000000  0.000007 -0.000002 -0.000001  0.000001 -0.000015  0.000002 -0.000005
Row   35   -0.000001  0.000001  0.000001  0.000001 -0.000001 -0.000000 -0.000001 -0.000000  0.000002  0.000001  0.000000 -0.000000 -0.000000 -0.000000 -0.000000  0.000000  0.000000 -0.000000 -0.000000 -0.000000  0.000000 -0.000000  0.000000 -0.000000  0.000000  0.000000 -0.000001  0.000001  0.000001 -0.000000  0.000000 -0.000001 -0.000000 -0.000000  0.003333  0.000001  0.000000 -0.000000 -0.000000 -0.000001  0.000000 -0.000000
Row   36    0.000066 -0.000035 -0.000044 -0.000070  0.000057  0.000019  0.000027  0.000039 -0.000116 -0.000093  0.000006  0.000018 -0.000005  0.000002  0.000030  0.000007 -0.000005 -0.000013  0.000005 -0.000005  0.000000  0.000037 -0.000012  0.000008  0.000004 -0.000000  0.000067 -0.000028 -0.000030  0.000029 -0.000012  0.000005  0.000011  0.000007  0.000001  0.003324  0.000016 -0.000023 -0.000009  0.000040  0.000001  0.000009
Row   37   -0.000034  0.000028  0.000024  0.000031 -0.000028 -0.000007 -0.000025 -0.000014  0.000056  0.000046  0.000004 -0.000011 -0.000000 -0.000002 -0.000012 -0.000000  0.000001 -0.000001 -0.000003  0.000000  0.000002 -0.000012  0.000002 -0.000005  0.000002  0.000003 -0.000030  0.000021  0.000026 -0.000012  0.000008 -0.000017 -0.000009 -0.000002  0.000000  0.000016  0.003333 -0.000007 -0.000000 -0.000031  0.000005 -0.000011
Row   38    0.000025 -0.000029 -0.000019 -0.000018  0.000019  0.000003  0.000029  0.000005 -0.000037 -0.000032 -0.000009  0.000010  0.000003  0.000003  0.000006 -0.000003  0.000001  0.000008  0.000002  0.000002 -0.000004  0.000002  0.000003  0.000004 -0.000005 -0.000005  0.000018 -0.000022 -0.000029  0.000005 -0.000007  0.000026  0.000009 -0.000001 -0.000000 -0.000023 -0.000007  0.003355  0.000005  0.000033 -0.000009  0.000014
Row   39    0.000018 -0.000015 -0.000012 -0.000016  0.000014  0.000004  0.000014  0.000007 -0.000028 -0.000024 -0.000002  0.000006  0.000001  0.000001  0.000006 -0.000000 -0.000000  0.000001  0.000002 -0.000000 -0.000001  0.000006 -0.000001  0.000002 -0.000001 -0.000002  0.000015 -0.000012 -0.000014  0.000006 -0.000004  0.000010  0.000005  0.000001 -0.000000 -0.000009 -0.000000  0.000005  0.003334  0.000017 -0.000003  0.000006
Row   40   -0.000169  0.000103  0.000114  0.000173 -0.000145 -0.000045 -0.000084 -0.000092  0.000293  0.000236 -0.000007 -0.000050  0.000009 -0.000007 -0.000072 -0.000013  0.000011  0.000023 -0.000014  0.000010  0.000002 -0.000085  0.000025 -0.000021 -0.000004  0.000005 -0.000166  0.000081  0.000092 -0.000070  0.000033 -0.000033 -0.000033 -0.000015 -0.000001  0.000040 -0.000031  0.000033  0.000017  0.003217  0.000005 -0.000032
