The input file has: 14 atoms
Atoms and coordinates (in Å):
C     -0.563000      0.516000      0.007100
C      0.563000     -0.515900      0.007100
C     -1.929300     -0.150600     -0.007100
C      1.929400      0.150500     -0.007100
H     -0.472400      1.166600     -0.870600
H     -0.482500      1.155100      0.894000
H      0.482500     -1.155100      0.894000
H      0.472300     -1.166500     -0.870600
H     -2.054200     -0.771000     -0.900300
H     -2.065100     -0.785600      0.874200
H     -2.720300      0.606000     -0.005800
H      2.054200      0.770900     -0.900300
H      2.720200     -0.606200     -0.005900
H      2.065200      0.785400      0.874300
Number of coordinates:
Stretching:     13 Bending:     24 Torsion:     27
Internal:     64 Cartesian:     42 
Potential energy at input structure:
    1.157526 kcal/mol
Stretch, Bend, Torsion, VDW components of potential energy:
    0.819414     0.494648     0.022997    -0.179533
Geometry optimization gradient RMS threshold:     0.00100000
Gradient of the energy for initial structure (in kcal/mol/Angstrom
C     -2.519535     -2.891566      0.185402
C      2.514035      2.940319      0.164521
C      3.187797      2.296127     -0.219043
C     -3.106729     -2.335195     -0.233186
H     -0.500366     -3.783765      9.779666
H     -0.502237     -3.815441     -9.811868
H      0.503256      3.787470     -9.782235
H      0.494795      3.778104      9.778009
H     -1.020078      5.620637      9.820439
H     -0.875571      5.757845     -9.729458
H      6.285703     -9.175867     -0.030668
H      1.004373     -5.631743      9.820038
H     -6.329088      9.206519     -0.030779
H      0.863645     -5.753443     -9.710837
Initial Guess for the Inverse Hessian
Row    1    0.003333  0.000000  0.000000  0.000000  0.000000  0.000000  0.000000  0.000000  0.000000  0.000000  0.000000  0.000000  0.000000  0.000000  0.000000  0.000000  0.000000  0.000000  0.000000  0.000000  0.000000  0.000000  0.000000  0.000000  0.000000  0.000000  0.000000  0.000000  0.000000  0.000000  0.000000  0.000000  0.000000  0.000000  0.000000  0.000000  0.000000  0.000000  0.000000  0.000000  0.000000  0.000000
Row    2    0.000000  0.003333  0.000000  0.000000  0.000000  0.000000  0.000000  0.000000  0.000000  0.000000  0.000000  0.000000  0.000000  0.000000  0.000000  0.000000  0.000000  0.000000  0.000000  0.000000  0.000000  0.000000  0.000000  0.000000  0.000000  0.000000  0.000000  0.000000  0.000000  0.000000  0.000000  0.000000  0.000000  0.000000  0.000000  0.000000  0.000000  0.000000  0.000000  0.000000  0.000000  0.000000
Row    3    0.000000  0.000000  0.003333  0.000000  0.000000  0.000000  0.000000  0.000000  0.000000  0.000000  0.000000  0.000000  0.000000  0.000000  0.000000  0.000000  0.000000  0.000000  0.000000  0.000000  0.000000  0.000000  0.000000  0.000000  0.000000  0.000000  0.000000  0.000000  0.000000  0.000000  0.000000  0.000000  0.000000  0.000000  0.000000  0.000000  0.000000  0.000000  0.000000  0.000000  0.000000  0.000000
Row    4    0.000000  0.000000  0.000000  0.003333  0.000000  0.000000  0.000000  0.000000  0.000000  0.000000  0.000000  0.000000  0.000000  0.000000  0.000000  0.000000  0.000000  0.000000  0.000000  0.000000  0.000000  0.000000  0.000000  0.000000  0.000000  0.000000  0.000000  0.000000  0.000000  0.000000  0.000000  0.000000  0.000000  0.000000  0.000000  0.000000  0.000000  0.000000  0.000000  0.000000  0.000000  0.000000
Row    5    0.000000  0.000000  0.000000  0.000000  0.003333  0.000000  0.000000  0.000000  0.000000  0.000000  0.000000  0.000000  0.000000  0.000000  0.000000  0.000000  0.000000  0.000000  0.000000  0.000000  0.000000  0.000000  0.000000  0.000000  0.000000  0.000000  0.000000  0.000000  0.000000  0.000000  0.000000  0.000000  0.000000  0.000000  0.000000  0.000000  0.000000  0.000000  0.000000  0.000000  0.000000  0.000000
Row    6    0.000000  0.000000  0.000000  0.000000  0.000000  0.003333  0.000000  0.000000  0.000000  0.000000  0.000000  0.000000  0.000000  0.000000  0.000000  0.000000  0.000000  0.000000  0.000000  0.000000  0.000000  0.000000  0.000000  0.000000  0.000000  0.000000  0.000000  0.000000  0.000000  0.000000  0.000000  0.000000  0.000000  0.000000  0.000000  0.000000  0.000000  0.000000  0.000000  0.000000  0.000000  0.000000
Row    7    0.000000  0.000000  0.000000  0.000000  0.000000  0.000000  0.003333  0.000000  0.000000  0.000000  0.000000  0.000000  0.000000  0.000000  0.000000  0.000000  0.000000  0.000000  0.000000  0.000000  0.000000  0.000000  0.000000  0.000000  0.000000  0.000000  0.000000  0.000000  0.000000  0.000000  0.000000  0.000000  0.000000  0.000000  0.000000  0.000000  0.000000  0.000000  0.000000  0.000000  0.000000  0.000000
Row    8    0.000000  0.000000  0.000000  0.000000  0.000000  0.000000  0.000000  0.003333  0.000000  0.000000  0.000000  0.000000  0.000000  0.000000  0.000000  0.000000  0.000000  0.000000  0.000000  0.000000  0.000000  0.000000  0.000000  0.000000  0.000000  0.000000  0.000000  0.000000  0.000000  0.000000  0.000000  0.000000  0.000000  0.000000  0.000000  0.000000  0.000000  0.000000  0.000000  0.000000  0.000000  0.000000
Row    9    0.000000  0.000000  0.000000  0.000000  0.000000  0.000000  0.000000  0.000000  0.003333  0.000000  0.000000  0.000000  0.000000  0.000000  0.000000  0.000000  0.000000  0.000000  0.000000  0.000000  0.000000  0.000000  0.000000  0.000000  0.000000  0.000000  0.000000  0.000000  0.000000  0.000000  0.000000  0.000000  0.000000  0.000000  0.000000  0.000000  0.000000  0.000000  0.000000  0.000000  0.000000  0.000000
Row   10    0.000000  0.000000  0.000000  0.000000  0.000000  0.000000  0.000000  0.000000  0.000000  0.003333  0.000000  0.000000  0.000000  0.000000  0.000000  0.000000  0.000000  0.000000  0.000000  0.000000  0.000000  0.000000  0.000000  0.000000  0.000000  0.000000  0.000000  0.000000  0.000000  0.000000  0.000000  0.000000  0.000000  0.000000  0.000000  0.000000  0.000000  0.000000  0.000000  0.000000  0.000000  0.000000
Row   11    0.000000  0.000000  0.000000  0.000000  0.000000  0.000000  0.000000  0.000000  0.000000  0.000000  0.003333  0.000000  0.000000  0.000000  0.000000  0.000000  0.000000  0.000000  0.000000  0.000000  0.000000  0.000000  0.000000  0.000000  0.000000  0.000000  0.000000  0.000000  0.000000  0.000000  0.000000  0.000000  0.000000  0.000000  0.000000  0.000000  0.000000  0.000000  0.000000  0.000000  0.000000  0.000000
Row   12    0.000000  0.000000  0.000000  0.000000  0.000000  0.000000  0.000000  0.000000  0.000000  0.000000  0.000000  0.003333  0.000000  0.000000  0.000000  0.000000  0.000000  0.000000  0.000000  0.000000  0.000000  0.000000  0.000000  0.000000  0.000000  0.000000  0.000000  0.000000  0.000000  0.000000  0.000000  0.000000  0.000000  0.000000  0.000000  0.000000  0.000000  0.000000  0.000000  0.000000  0.000000  0.000000
Row   13    0.000000  0.000000  0.000000  0.000000  0.000000  0.000000  0.000000  0.000000  0.000000  0.000000  0.000000  0.000000  0.003333  0.000000  0.000000  0.000000  0.000000  0.000000  0.000000  0.000000  0.000000  0.000000  0.000000  0.000000  0.000000  0.000000  0.000000  0.000000  0.000000  0.000000  0.000000  0.000000  0.000000  0.000000  0.000000  0.000000  0.000000  0.000000  0.000000  0.000000  0.000000  0.000000
Row   14    0.000000  0.000000  0.000000  0.000000  0.000000  0.000000  0.000000  0.000000  0.000000  0.000000  0.000000  0.000000  0.000000  0.003333  0.000000  0.000000  0.000000  0.000000  0.000000  0.000000  0.000000  0.000000  0.000000  0.000000  0.000000  0.000000  0.000000  0.000000  0.000000  0.000000  0.000000  0.000000  0.000000  0.000000  0.000000  0.000000  0.000000  0.000000  0.000000  0.000000  0.000000  0.000000
Row   15    0.000000  0.000000  0.000000  0.000000  0.000000  0.000000  0.000000  0.000000  0.000000  0.000000  0.000000  0.000000  0.000000  0.000000  0.003333  0.000000  0.000000  0.000000  0.000000  0.000000  0.000000  0.000000  0.000000  0.000000  0.000000  0.000000  0.000000  0.000000  0.000000  0.000000  0.000000  0.000000  0.000000  0.000000  0.000000  0.000000  0.000000  0.000000  0.000000  0.000000  0.000000  0.000000
Row   16    0.000000  0.000000  0.000000  0.000000  0.000000  0.000000  0.000000  0.000000  0.000000  0.000000  0.000000  0.000000  0.000000  0.000000  0.000000  0.003333  0.000000  0.000000  0.000000  0.000000  0.000000  0.000000  0.000000  0.000000  0.000000  0.000000  0.000000  0.000000  0.000000  0.000000  0.000000  0.000000  0.000000  0.000000  0.000000  0.000000  0.000000  0.000000  0.000000  0.000000  0.000000  0.000000
Row   17    0.000000  0.000000  0.000000  0.000000  0.000000  0.000000  0.000000  0.000000  0.000000  0.000000  0.000000  0.000000  0.000000  0.000000  0.000000  0.000000  0.003333  0.000000  0.000000  0.000000  0.000000  0.000000  0.000000  0.000000  0.000000  0.000000  0.000000  0.000000  0.000000  0.000000  0.000000  0.000000  0.000000  0.000000  0.000000  0.000000  0.000000  0.000000  0.000000  0.000000  0.000000  0.000000
Row   18    0.000000  0.000000  0.000000  0.000000  0.000000  0.000000  0.000000  0.000000  0.000000  0.000000  0.000000  0.000000  0.000000  0.000000  0.000000  0.000000  0.000000  0.003333  0.000000  0.000000  0.000000  0.000000  0.000000  0.000000  0.000000  0.000000  0.000000  0.000000  0.000000  0.000000  0.000000  0.000000  0.000000  0.000000  0.000000  0.000000  0.000000  0.000000  0.000000  0.000000  0.000000  0.000000
Row   19    0.000000  0.000000  0.000000  0.000000  0.000000  0.000000  0.000000  0.000000  0.000000  0.000000  0.000000  0.000000  0.000000  0.000000  0.000000  0.000000  0.000000  0.000000  0.003333  0.000000  0.000000  0.000000  0.000000  0.000000  0.000000  0.000000  0.000000  0.000000  0.000000  0.000000  0.000000  0.000000  0.000000  0.000000  0.000000  0.000000  0.000000  0.000000  0.000000  0.000000  0.000000  0.000000
Row   20    0.000000  0.000000  0.000000  0.000000  0.000000  0.000000  0.000000  0.000000  0.000000  0.000000  0.000000  0.000000  0.000000  0.000000  0.000000  0.000000  0.000000  0.000000  0.000000  0.003333  0.000000  0.000000  0.000000  0.000000  0.000000  0.000000  0.000000  0.000000  0.000000  0.000000  0.000000  0.000000  0.000000  0.000000  0.000000  0.000000  0.000000  0.000000  0.000000  0.000000  0.000000  0.000000
Row   21    0.000000  0.000000  0.000000  0.000000  0.000000  0.000000  0.000000  0.000000  0.000000  0.000000  0.000000  0.000000  0.000000  0.000000  0.000000  0.000000  0.000000  0.000000  0.000000  0.000000  0.003333  0.000000  0.000000  0.000000  0.000000  0.000000  0.000000  0.000000  0.000000  0.000000  0.000000  0.000000  0.000000  0.000000  0.000000  0.000000  0.000000  0.000000  0.000000  0.000000  0.000000  0.000000
Row   22    0.000000  0.000000  0.000000  0.000000  0.000000  0.000000  0.000000  0.000000  0.000000  0.000000  0.000000  0.000000  0.000000  0.000000  0.000000  0.000000  0.000000  0.000000  0.000000  0.000000  0.000000  0.003333  0.000000  0.000000  0.000000  0.000000  0.000000  0.000000  0.000000  0.000000  0.000000  0.000000  0.000000  0.000000  0.000000  0.000000  0.000000  0.000000  0.000000  0.000000  0.000000  0.000000
Row   23    0.000000  0.000000  0.000000  0.000000  0.000000  0.000000  0.000000  0.000000  0.000000  0.000000  0.000000  0.000000  0.000000  0.000000  0.000000  0.000000  0.000000  0.000000  0.000000  0.000000  0.000000  0.000000  0.003333  0.000000  0.000000  0.000000  0.000000  0.000000  0.000000  0.000000  0.000000  0.000000  0.000000  0.000000  0.000000  0.000000  0.000000  0.000000  0.000000  0.000000  0.000000  0.000000
Row   24    0.000000  0.000000  0.000000  0.000000  0.000000  0.000000  0.000000  0.000000  0.000000  0.000000  0.000000  0.000000  0.000000  0.000000  0.000000  0.000000  0.000000  0.000000  0.000000  0.000000  0.000000  0.000000  0.000000  0.003333  0.000000  0.000000  0.000000  0.000000  0.000000  0.000000  0.000000  0.000000  0.000000  0.000000  0.000000  0.000000  0.000000  0.000000  0.000000  0.000000  0.000000  0.000000
Row   25    0.000000  0.000000  0.000000  0.000000  0.000000  0.000000  0.000000  0.000000  0.000000  0.000000  0.000000  0.000000  0.000000  0.000000  0.000000  0.000000  0.000000  0.000000  0.000000  0.000000  0.000000  0.000000  0.000000  0.000000  0.003333  0.000000  0.000000  0.000000  0.000000  0.000000  0.000000  0.000000  0.000000  0.000000  0.000000  0.000000  0.000000  0.000000  0.000000  0.000000  0.000000  0.000000
Row   26    0.000000  0.000000  0.000000  0.000000  0.000000  0.000000  0.000000  0.000000  0.000000  0.000000  0.000000  0.000000  0.000000  0.000000  0.000000  0.000000  0.000000  0.000000  0.000000  0.000000  0.000000  0.000000  0.000000  0.000000  0.000000  0.003333  0.000000  0.000000  0.000000  0.000000  0.000000  0.000000  0.000000  0.000000  0.000000  0.000000  0.000000  0.000000  0.000000  0.000000  0.000000  0.000000
Row   27    0.000000  0.000000  0.000000  0.000000  0.000000  0.000000  0.000000  0.000000  0.000000  0.000000  0.000000  0.000000  0.000000  0.000000  0.000000  0.000000  0.000000  0.000000  0.000000  0.000000  0.000000  0.000000  0.000000  0.000000  0.000000  0.000000  0.003333  0.000000  0.000000  0.000000  0.000000  0.000000  0.000000  0.000000  0.000000  0.000000  0.000000  0.000000  0.000000  0.000000  0.000000  0.000000
Row   28    0.000000  0.000000  0.000000  0.000000  0.000000  0.000000  0.000000  0.000000  0.000000  0.000000  0.000000  0.000000  0.000000  0.000000  0.000000  0.000000  0.000000  0.000000  0.000000  0.000000  0.000000  0.000000  0.000000  0.000000  0.000000  0.000000  0.000000  0.003333  0.000000  0.000000  0.000000  0.000000  0.000000  0.000000  0.000000  0.000000  0.000000  0.000000  0.000000  0.000000  0.000000  0.000000
Row   29    0.000000  0.000000  0.000000  0.000000  0.000000  0.000000  0.000000  0.000000  0.000000  0.000000  0.000000  0.000000  0.000000  0.000000  0.000000  0.000000  0.000000  0.000000  0.000000  0.000000  0.000000  0.000000  0.000000  0.000000  0.000000  0.000000  0.000000  0.000000  0.003333  0.000000  0.000000  0.000000  0.000000  0.000000  0.000000  0.000000  0.000000  0.000000  0.000000  0.000000  0.000000  0.000000
Row   30    0.000000  0.000000  0.000000  0.000000  0.000000  0.000000  0.000000  0.000000  0.000000  0.000000  0.000000  0.000000  0.000000  0.000000  0.000000  0.000000  0.000000  0.000000  0.000000  0.000000  0.000000  0.000000  0.000000  0.000000  0.000000  0.000000  0.000000  0.000000  0.000000  0.003333  0.000000  0.000000  0.000000  0.000000  0.000000  0.000000  0.000000  0.000000  0.000000  0.000000  0.000000  0.000000
Row   31    0.000000  0.000000  0.000000  0.000000  0.000000  0.000000  0.000000  0.000000  0.000000  0.000000  0.000000  0.000000  0.000000  0.000000  0.000000  0.000000  0.000000  0.000000  0.000000  0.000000  0.000000  0.000000  0.000000  0.000000  0.000000  0.000000  0.000000  0.000000  0.000000  0.000000  0.003333  0.000000  0.000000  0.000000  0.000000  0.000000  0.000000  0.000000  0.000000  0.000000  0.000000  0.000000
Row   32    0.000000  0.000000  0.000000  0.000000  0.000000  0.000000  0.000000  0.000000  0.000000  0.000000  0.000000  0.000000  0.000000  0.000000  0.000000  0.000000  0.000000  0.000000  0.000000  0.000000  0.000000  0.000000  0.000000  0.000000  0.000000  0.000000  0.000000  0.000000  0.000000  0.000000  0.000000  0.003333  0.000000  0.000000  0.000000  0.000000  0.000000  0.000000  0.000000  0.000000  0.000000  0.000000
Row   33    0.000000  0.000000  0.000000  0.000000  0.000000  0.000000  0.000000  0.000000  0.000000  0.000000  0.000000  0.000000  0.000000  0.000000  0.000000  0.000000  0.000000  0.000000  0.000000  0.000000  0.000000  0.000000  0.000000  0.000000  0.000000  0.000000  0.000000  0.000000  0.000000  0.000000  0.000000  0.000000  0.003333  0.000000  0.000000  0.000000  0.000000  0.000000  0.000000  0.000000  0.000000  0.000000
Row   34    0.000000  0.000000  0.000000  0.000000  0.000000  0.000000  0.000000  0.000000  0.000000  0.000000  0.000000  0.000000  0.000000  0.000000  0.000000  0.000000  0.000000  0.000000  0.000000  0.000000  0.000000  0.000000  0.000000  0.000000  0.000000  0.000000  0.000000  0.000000  0.000000  0.000000  0.000000  0.000000  0.000000  0.003333  0.000000  0.000000  0.000000  0.000000  0.000000  0.000000  0.000000  0.000000
Row   35    0.000000  0.000000  0.000000  0.000000  0.000000  0.000000  0.000000  0.000000  0.000000  0.000000  0.000000  0.000000  0.000000  0.000000  0.000000  0.000000  0.000000  0.000000  0.000000  0.000000  0.000000  0.000000  0.000000  0.000000  0.000000  0.000000  0.000000  0.000000  0.000000  0.000000  0.000000  0.000000  0.000000  0.000000  0.003333  0.000000  0.000000  0.000000  0.000000  0.000000  0.000000  0.000000
Row   36    0.000000  0.000000  0.000000  0.000000  0.000000  0.000000  0.000000  0.000000  0.000000  0.000000  0.000000  0.000000  0.000000  0.000000  0.000000  0.000000  0.000000  0.000000  0.000000  0.000000  0.000000  0.000000  0.000000  0.000000  0.000000  0.000000  0.000000  0.000000  0.000000  0.000000  0.000000  0.000000  0.000000  0.000000  0.000000  0.003333  0.000000  0.000000  0.000000  0.000000  0.000000  0.000000
Row   37    0.000000  0.000000  0.000000  0.000000  0.000000  0.000000  0.000000  0.000000  0.000000  0.000000  0.000000  0.000000  0.000000  0.000000  0.000000  0.000000  0.000000  0.000000  0.000000  0.000000  0.000000  0.000000  0.000000  0.000000  0.000000  0.000000  0.000000  0.000000  0.000000  0.000000  0.000000  0.000000  0.000000  0.000000  0.000000  0.000000  0.003333  0.000000  0.000000  0.000000  0.000000  0.000000
Row   38    0.000000  0.000000  0.000000  0.000000  0.000000  0.000000  0.000000  0.000000  0.000000  0.000000  0.000000  0.000000  0.000000  0.000000  0.000000  0.000000  0.000000  0.000000  0.000000  0.000000  0.000000  0.000000  0.000000  0.000000  0.000000  0.000000  0.000000  0.000000  0.000000  0.000000  0.000000  0.000000  0.000000  0.000000  0.000000  0.000000  0.000000  0.003333  0.000000  0.000000  0.000000  0.000000
Row   39    0.000000  0.000000  0.000000  0.000000  0.000000  0.000000  0.000000  0.000000  0.000000  0.000000  0.000000  0.000000  0.000000  0.000000  0.000000  0.000000  0.000000  0.000000  0.000000  0.000000  0.000000  0.000000  0.000000  0.000000  0.000000  0.000000  0.000000  0.000000  0.000000  0.000000  0.000000  0.000000  0.000000  0.000000  0.000000  0.000000  0.000000  0.000000  0.003333  0.000000  0.000000  0.000000
Row   40    0.000000  0.000000  0.000000  0.000000  0.000000  0.000000  0.000000  0.000000  0.000000  0.000000  0.000000  0.000000  0.000000  0.000000  0.000000  0.000000  0.000000  0.000000  0.000000  0.000000  0.000000  0.000000  0.000000  0.000000  0.000000  0.000000  0.000000  0.000000  0.000000  0.000000  0.000000  0.000000  0.000000  0.000000  0.000000  0.000000  0.000000  0.000000  0.000000  0.003333  0.000000  0.000000
Row   41    0.000000  0.000000  0.000000  0.000000  0.000000  0.000000  0.000000  0.000000  0.000000  0.000000  0.000000  0.000000  0.000000  0.000000  0.000000  0.000000  0.000000  0.000000  0.000000  0.000000  0.000000  0.000000  0.000000  0.000000  0.000000  0.000000  0.000000  0.000000  0.000000  0.000000  0.000000  0.000000  0.000000  0.000000  0.000000  0.000000  0.000000  0.000000  0.000000  0.000000  0.003333  0.000000
Row   42    0.000000  0.000000  0.000000  0.000000  0.000000  0.000000  0.000000  0.000000  0.000000  0.000000  0.000000  0.000000  0.000000  0.000000  0.000000  0.000000  0.000000  0.000000  0.000000  0.000000  0.000000  0.000000  0.000000  0.000000  0.000000  0.000000  0.000000  0.000000  0.000000  0.000000  0.000000  0.000000  0.000000  0.000000  0.000000  0.000000  0.000000  0.000000  0.000000  0.000000  0.000000  0.003333

***** Geometry optimization cycle number   1 ******

Predicted structure change p_k = -M_k grad V(r_k)
C      0.008398      0.009639     -0.000618
C     -0.008380     -0.009801     -0.000548
C     -0.010626     -0.007654      0.000730
C      0.010356      0.007784      0.000777
H      0.001668      0.012613     -0.032599
H      0.001674      0.012718      0.032706
H     -0.001678     -0.012625      0.032607
H     -0.001649     -0.012594     -0.032593
H      0.003400     -0.018735     -0.032735
H      0.002919     -0.019193      0.032432
H     -0.020952      0.030586      0.000102
H     -0.003348      0.018772     -0.032733
H      0.021097     -0.030688      0.000103
H     -0.002879      0.019178      0.032369
    Line search: alpha and energy:     0.800000     0.303965
New structure r_k+1 = r_k + s_k = r_k + alpha_k p_k
C     -0.556281      0.523711      0.006606
C      0.556296     -0.523741      0.006661
C     -1.937801     -0.156723     -0.006516
C      1.937685      0.156727     -0.006478
H     -0.471066      1.176690     -0.896679
H     -0.481161      1.165275      0.920165
H      0.481158     -1.165200      0.920086
H      0.470981     -1.176575     -0.896675
H     -2.051480     -0.785988     -0.926488
H     -2.062765     -0.800954      0.900145
H     -2.737062      0.630469     -0.005718
H      2.051522      0.785918     -0.926487
H      2.737078     -0.630751     -0.005818
H      2.062897      0.800743      0.900196
Energy before update and after:     1.15752597     0.30396537 And GRMS:      4.4383219
New gradient g_k+1:
C      8.958371     -9.036437     -0.643825
C     -8.888991      8.942389     -0.540320
C      5.933965      0.025603      0.742173
C     -6.174298      0.174060      0.802355
H     -0.250888      3.783185     -3.515005
H     -0.390002      4.002699      4.277723
H      0.396998     -3.930191      4.184654
H      0.238828     -3.754771     -3.503750
H     -1.333170     -3.878413     -5.617776
H     -1.329939     -3.606385      4.817404
H     -6.008879      5.600165     -0.072053
H      1.351930      3.864364     -5.628447
H      6.155726     -5.744775     -0.078391
H      1.340349      3.558506      4.775258
Updated guess for the Inverse Hessian (equation 12)
Row    1    0.003260  0.000002  0.000005  0.000073 -0.000001  0.000005  0.000016  0.000030 -0.000006 -0.000014 -0.000032 -0.000007 -0.000006 -0.000067  0.000145 -0.000005 -0.000068 -0.000149  0.000005  0.000068 -0.000148  0.000005  0.000067  0.000145 -0.000008  0.000092  0.000155 -0.000006  0.000092 -0.000150  0.000110 -0.000146 -0.000000  0.000007 -0.000092  0.000155 -0.000111  0.000147 -0.000000  0.000005 -0.000092 -0.000150
Row    2    0.000002  0.003434 -0.000000 -0.000002 -0.000101 -0.000000 -0.000090 -0.000043  0.000000  0.000090  0.000043  0.000000  0.000011  0.000052 -0.000166  0.000011  0.000051  0.000163 -0.000011 -0.000051  0.000163 -0.000011 -0.000052 -0.000166  0.000026 -0.000086 -0.000156  0.000023 -0.000090  0.000158 -0.000088  0.000144  0.000001 -0.000026  0.000086 -0.000156  0.000088 -0.000144  0.000001 -0.000023  0.000090  0.000158
Row    3    0.000005 -0.000000  0.003333 -0.000005  0.000000 -0.000000 -0.000001 -0.000002  0.000000  0.000001  0.000002  0.000000  0.000000  0.000005 -0.000010  0.000000  0.000005  0.000011 -0.000000 -0.000005  0.000011 -0.000000 -0.000005 -0.000010  0.000001 -0.000007 -0.000011  0.000000 -0.000007  0.000011 -0.000008  0.000011  0.000000 -0.000001  0.000007 -0.000011  0.000008 -0.000011  0.000000 -0.000000  0.000007  0.000011
Row    4    0.000073 -0.000002 -0.000005  0.003261  0.000001 -0.000005 -0.000016 -0.000030  0.000006  0.000013  0.000031  0.000007  0.000005  0.000066 -0.000144  0.000005  0.000068  0.000148 -0.000005 -0.000067  0.000147 -0.000005 -0.000066 -0.000144  0.000007 -0.000091 -0.000154  0.000006 -0.000092  0.000149 -0.000109  0.000145  0.000000 -0.000007  0.000091 -0.000154  0.000110 -0.000146  0.000000 -0.000005  0.000091  0.000149
Row    5   -0.000001 -0.000101  0.000000  0.000001  0.003434  0.000000  0.000090  0.000043 -0.000000 -0.000090 -0.000043 -0.000000 -0.000011 -0.000051  0.000164 -0.000011 -0.000051 -0.000161  0.000011  0.000050 -0.000161  0.000010  0.000051  0.000164 -0.000026  0.000085  0.000154 -0.000023  0.000089 -0.000157  0.000086 -0.000142 -0.000001  0.000026 -0.000085  0.000154 -0.000086  0.000142 -0.000001  0.000023 -0.000089 -0.000157
Row    6    0.000005 -0.000000 -0.000000 -0.000005  0.000000  0.003333 -0.000001 -0.000002  0.000000  0.000001  0.000002  0.000000  0.000000  0.000004 -0.000009  0.000000  0.000004  0.000009 -0.000000 -0.000004  0.000009 -0.000000 -0.000004 -0.000009  0.000000 -0.000006 -0.000009  0.000000 -0.000006  0.000009 -0.000007  0.000009  0.000000 -0.000000  0.000006 -0.000009  0.000007 -0.000009  0.000000 -0.000000  0.000006  0.000009
Row    7    0.000016 -0.000090 -0.000001 -0.000016  0.000090 -0.000001  0.003410  0.000031  0.000001 -0.000077 -0.000031  0.000001 -0.000008 -0.000030  0.000114 -0.000009 -0.000030 -0.000110  0.000009  0.000030 -0.000110  0.000008  0.000030  0.000114 -0.000021  0.000055  0.000102 -0.000019  0.000058 -0.000106  0.000052 -0.000094 -0.000001  0.000021 -0.000055  0.000102 -0.000052  0.000093 -0.000001  0.000019 -0.000058 -0.000106
Row    8    0.000030 -0.000043 -0.000002 -0.000030  0.000043 -0.000002  0.000031  0.003339  0.000002 -0.000032 -0.000005  0.000003 -0.000002  0.000006  0.000009 -0.000003  0.000007 -0.000006  0.000003 -0.000007 -0.000006  0.000002 -0.000006  0.000009 -0.000008 -0.000003  0.000000 -0.000007 -0.000001 -0.000003 -0.000010  0.000001 -0.000000  0.000008  0.000002  0.000000  0.000010 -0.000002 -0.000000  0.000007  0.000001 -0.000003
Row    9   -0.000006  0.000000  0.000000  0.000006 -0.000000  0.000000  0.000001  0.000002  0.003333 -0.000001 -0.000003 -0.000001 -0.000000 -0.000006  0.000012 -0.000000 -0.000006 -0.000012  0.000000  0.000006 -0.000012  0.000000  0.000006  0.000012 -0.000001  0.000008  0.000013 -0.000000  0.000008 -0.000012  0.000009 -0.000012 -0.000000  0.000001 -0.000008  0.000013 -0.000009  0.000012 -0.000000  0.000000 -0.000008 -0.000012
Row   10   -0.000014  0.000090  0.000001  0.000013 -0.000090  0.000001 -0.000077 -0.000032 -0.000001  0.003410  0.000032 -0.000001  0.000008  0.000032 -0.000117  0.000009  0.000031  0.000114 -0.000009 -0.000031  0.000114 -0.000008 -0.000032 -0.000117  0.000022 -0.000057 -0.000106  0.000019 -0.000061  0.000110 -0.000055  0.000098  0.000001 -0.000021  0.000058 -0.000106  0.000055 -0.000097  0.000001 -0.000019  0.000061  0.000110
Row   11   -0.000032  0.000043  0.000002  0.000031 -0.000043  0.000002 -0.000031 -0.000005 -0.000003  0.000032  0.003337 -0.000003  0.000002 -0.000008 -0.000005  0.000003 -0.000009  0.000002 -0.000003  0.000008  0.000003 -0.000002  0.000008 -0.000005  0.000008  0.000005  0.000003  0.000007  0.000003 -0.000000  0.000012 -0.000004  0.000000 -0.000008 -0.000004  0.000003 -0.000012  0.000005  0.000000 -0.000007 -0.000003  0.000000
Row   12   -0.000007  0.000000  0.000000  0.000007 -0.000000  0.000000  0.000001  0.000003 -0.000001 -0.000001 -0.000003  0.003333 -0.000000 -0.000006  0.000013 -0.000000 -0.000006 -0.000013  0.000000  0.000006 -0.000013  0.000000  0.000006  0.000013 -0.000001  0.000008  0.000014 -0.000000  0.000008 -0.000013  0.000010 -0.000013 -0.000000  0.000001 -0.000008  0.000014 -0.000010  0.000013 -0.000000  0.000000 -0.000008 -0.000013
Row   13   -0.000006  0.000011  0.000000  0.000005 -0.000011  0.000000 -0.000008 -0.000002 -0.000000  0.000008  0.000002 -0.000000  0.003334  0.000000 -0.000006  0.000001  0.000000  0.000005 -0.000001 -0.000000  0.000006 -0.000001 -0.000000 -0.000006  0.000002 -0.000002 -0.000004  0.000002 -0.000002  0.000005 -0.000001  0.000004  0.000000 -0.000002  0.000002 -0.000004  0.000001 -0.000004  0.000000 -0.000002  0.000002  0.000005
Row   14   -0.000067  0.000052  0.000005  0.000066 -0.000051  0.000004 -0.000030  0.000006 -0.000006  0.000032 -0.000008 -0.000006  0.000000  0.003297  0.000051  0.000001 -0.000038 -0.000057 -0.000001  0.000037 -0.000056 -0.000000  0.000036  0.000051  0.000006  0.000042  0.000066  0.000006  0.000041 -0.000060  0.000058 -0.000064  0.000000 -0.000006 -0.000042  0.000066 -0.000059  0.000065  0.000000 -0.000006 -0.000040 -0.000060
Row   15    0.000145 -0.000166 -0.000010 -0.000144  0.000164 -0.000009  0.000114  0.000009  0.000012 -0.000117 -0.000005  0.000013 -0.000006  0.000051  0.003308 -0.000009  0.000055  0.000038  0.000009 -0.000054  0.000037  0.000006 -0.000051 -0.000025 -0.000027 -0.000046 -0.000061 -0.000026 -0.000041  0.000048 -0.000081  0.000063 -0.000001  0.000027  0.000046 -0.000061  0.000083 -0.000066 -0.000001  0.000026  0.000041  0.000047
Row   16   -0.000005  0.000011  0.000000  0.000005 -0.000011  0.000000 -0.000009 -0.000003 -0.000000  0.000009  0.000003 -0.000000  0.000001  0.000001 -0.000009  0.003334  0.000001  0.000008 -0.000001 -0.000001  0.000008 -0.000001 -0.000001 -0.000009  0.000002 -0.000003 -0.000007  0.000002 -0.000004  0.000007 -0.000002  0.000006  0.000000 -0.000002  0.000003 -0.000007  0.000002 -0.000006  0.000000 -0.000002  0.000004  0.000007
Row   17   -0.000068  0.000051  0.000005  0.000068 -0.000051  0.000004 -0.000030  0.000007 -0.000006  0.000031 -0.000009 -0.000006  0.000000 -0.000038  0.000055  0.000001  0.003294 -0.000060 -0.000001  0.000039 -0.000060 -0.000000  0.000037  0.000055  0.000006  0.000044  0.000069  0.000006  0.000043 -0.000064  0.000061 -0.000067  0.000000 -0.000006 -0.000044  0.000069 -0.000062  0.000068  0.000000 -0.000006 -0.000042 -0.000063
Row   18   -0.000149  0.000163  0.000011  0.000148 -0.000161  0.000009 -0.000110 -0.000006 -0.000012  0.000114  0.000002 -0.000013  0.000005 -0.000057  0.000038  0.000008 -0.000060  0.003282 -0.000008  0.000059 -0.000050 -0.000005  0.000056  0.000038  0.000025  0.000054  0.000074  0.000025  0.000049 -0.000061  0.000089 -0.000076  0.000001 -0.000026 -0.000054  0.000075 -0.000092  0.000078  0.000001 -0.000025 -0.000048 -0.000060
Row   19    0.000005 -0.000011 -0.000000 -0.000005  0.000011 -0.000000  0.000009  0.000003  0.000000 -0.000009 -0.000003  0.000000 -0.000001 -0.000001  0.000009 -0.000001 -0.000001 -0.000008  0.003334  0.000001 -0.000008  0.000001  0.000001  0.000009 -0.000002  0.000003  0.000007 -0.000002  0.000004 -0.000007  0.000002 -0.000006 -0.000000  0.000002 -0.000003  0.000007 -0.000002  0.000006 -0.000000  0.000002 -0.000004 -0.000007
Row   20    0.000068 -0.000051 -0.000005 -0.000067  0.000050 -0.000004  0.000030 -0.000007  0.000006 -0.000031  0.000008  0.000006 -0.000000  0.000037 -0.000054 -0.000001  0.000039  0.000059  0.000001  0.003295  0.000058  0.000000 -0.000037 -0.000054 -0.000006 -0.000043 -0.000068 -0.000006 -0.000042  0.000062 -0.000060  0.000066 -0.000000  0.000006  0.000043 -0.000068  0.000061 -0.000067 -0.000000  0.000006  0.000042  0.000062
Row   21   -0.000148  0.000163  0.000011  0.000147 -0.000161  0.000009 -0.000110 -0.000006 -0.000012  0.000114  0.000003 -0.000013  0.000006 -0.000056  0.000037  0.000008 -0.000060 -0.000050 -0.000008  0.000058  0.003285 -0.000005  0.000055  0.000037  0.000025  0.000053  0.000073  0.000025  0.000048 -0.000059  0.000088 -0.000074  0.000001 -0.000026 -0.000053  0.000073 -0.000091  0.000077  0.000001 -0.000025 -0.000047 -0.000059
Row   22    0.000005 -0.000011 -0.000000 -0.000005  0.000010 -0.000000  0.000008  0.000002  0.000000 -0.000008 -0.000002  0.000000 -0.000001 -0.000000  0.000006 -0.000001 -0.000000 -0.000005  0.000001  0.000000 -0.000005  0.003334  0.000000  0.000006 -0.000002  0.000002  0.000004 -0.000002  0.000002 -0.000005  0.000001 -0.000004 -0.000000  0.000002 -0.000002  0.000004 -0.000000  0.000003 -0.000000  0.000002 -0.000002 -0.000005
Row   23    0.000067 -0.000052 -0.000005 -0.000066  0.000051 -0.000004  0.000030 -0.000006  0.000006 -0.000032  0.000008  0.000006 -0.000000  0.000036 -0.000051 -0.000001  0.000037  0.000056  0.000001 -0.000037  0.000055  0.000000  0.003298 -0.000051 -0.000006 -0.000042 -0.000065 -0.000006 -0.000040  0.000060 -0.000058  0.000063 -0.000000  0.000006  0.000042 -0.000065  0.000059 -0.000064 -0.000000  0.000006  0.000040  0.000059
Row   24    0.000145 -0.000166 -0.000010 -0.000144  0.000164 -0.000009  0.000114  0.000009  0.000012 -0.000117 -0.000005  0.000013 -0.000006  0.000051 -0.000025 -0.000009  0.000055  0.000038  0.000009 -0.000054  0.000037  0.000006 -0.000051  0.003308 -0.000027 -0.000046 -0.000061 -0.000026 -0.000041  0.000048 -0.000081  0.000063 -0.000001  0.000027  0.000046 -0.000061  0.000083 -0.000065 -0.000001  0.000026  0.000040  0.000047
Row   25   -0.000008  0.000026  0.000001  0.000007 -0.000026  0.000000 -0.000021 -0.000008 -0.000001  0.000022  0.000008 -0.000001  0.000002  0.000006 -0.000027  0.000002  0.000006  0.000025 -0.000002 -0.000006  0.000025 -0.000002 -0.000006 -0.000027  0.003339 -0.000012 -0.000023  0.000005 -0.000013  0.000024 -0.000010  0.000021  0.000000 -0.000006  0.000012 -0.000023  0.000010 -0.000021  0.000000 -0.000005  0.000013  0.000024
Row   26    0.000092 -0.000086 -0.000007 -0.000091  0.000085 -0.000006  0.000055 -0.000003  0.000008 -0.000057  0.000005  0.000008 -0.000002  0.000042 -0.000046 -0.000003  0.000044  0.000054  0.000003 -0.000043  0.000053  0.000002 -0.000042 -0.000046 -0.000012  0.003288 -0.000067 -0.000012 -0.000043  0.000059 -0.000067  0.000066 -0.000001  0.000012  0.000045 -0.000067  0.000068 -0.000068 -0.000001  0.000012  0.000042  0.000059
Row   27    0.000155 -0.000156 -0.000011 -0.000154  0.000154 -0.000009  0.000102  0.000000  0.000013 -0.000106  0.000003  0.000014 -0.000004  0.000066 -0.000061 -0.000007  0.000069  0.000074  0.000007 -0.000068  0.000073  0.000004 -0.000065 -0.000061 -0.000023 -0.000067  0.003236 -0.000023 -0.000063  0.000084 -0.000104  0.000097 -0.000001  0.000023  0.000067 -0.000098  0.000107 -0.000100 -0.000001  0.000023  0.000062  0.000083
Row   28   -0.000006  0.000023  0.000000  0.000006 -0.000023  0.000000 -0.000019 -0.000007 -0.000000  0.000019  0.000007 -0.000000  0.000002  0.000006 -0.000026  0.000002  0.000006  0.000025 -0.000002 -0.000006  0.000025 -0.000002 -0.000006 -0.000026  0.000005 -0.000012 -0.000023  0.003338 -0.000013  0.000024 -0.000011  0.000021  0.000000 -0.000005  0.000012 -0.000023  0.000011 -0.000021  0.000000 -0.000005  0.000013  0.000024
Row   29    0.000092 -0.000090 -0.000007 -0.000092  0.000089 -0.000006  0.000058 -0.000001  0.000008 -0.000061  0.000003  0.000008 -0.000002  0.000041 -0.000041 -0.000004  0.000043  0.000049  0.000004 -0.000042  0.000048  0.000002 -0.000040 -0.000041 -0.000013 -0.000043 -0.000063 -0.000013  0.003293  0.000054 -0.000065  0.000062 -0.000001  0.000013  0.000042 -0.000063  0.000066 -0.000064 -0.000001  0.000013  0.000039  0.000054
Row   30   -0.000150  0.000158  0.000011  0.000149 -0.000157  0.000009 -0.000106 -0.000003 -0.000012  0.000110 -0.000000 -0.000013  0.000005 -0.000060  0.000048  0.000007 -0.000064 -0.000061 -0.000007  0.000062 -0.000059 -0.000005  0.000060  0.000048  0.000024  0.000059  0.000084  0.000024  0.000054  0.003263  0.000095 -0.000084  0.000001 -0.000024 -0.000059  0.000084 -0.000097  0.000087  0.000001 -0.000024 -0.000054 -0.000069
Row   31    0.000110 -0.000088 -0.000008 -0.000109  0.000086 -0.000007  0.000052 -0.000010  0.000009 -0.000055  0.000012  0.000010 -0.000001  0.000058 -0.000081 -0.000002  0.000061  0.000089  0.000002 -0.000060  0.000088  0.000001 -0.000058 -0.000081 -0.000010 -0.000067 -0.000104 -0.000011 -0.000065  0.000095  0.003240  0.000101 -0.000001  0.000011  0.000067 -0.000104  0.000095 -0.000103 -0.000001  0.000011  0.000064  0.000094
Row   32   -0.000146  0.000144  0.000011  0.000145 -0.000142  0.000009 -0.000094  0.000001 -0.000012  0.000098 -0.000004 -0.000013  0.000004 -0.000064  0.000063  0.000006 -0.000067 -0.000076 -0.000006  0.000066 -0.000074 -0.000004  0.000063  0.000063  0.000021  0.000066  0.000097  0.000021  0.000062 -0.000084  0.000101  0.003237  0.000001 -0.000021 -0.000066  0.000097 -0.000104  0.000099  0.000001 -0.000021 -0.000061 -0.000084
Row   33   -0.000000  0.000001  0.000000  0.000000 -0.000001  0.000000 -0.000001 -0.000000 -0.000000  0.000001  0.000000 -0.000000  0.000000  0.000000 -0.000001  0.000000  0.000000  0.000001 -0.000000 -0.000000  0.000001 -0.000000 -0.000000 -0.000001  0.000000 -0.000001 -0.000001  0.000000 -0.000001  0.000001 -0.000001  0.000001  0.003333 -0.000000  0.000001 -0.000001  0.000001 -0.000001  0.000000 -0.000000  0.000001  0.000001
Row   34    0.000007 -0.000026 -0.000001 -0.000007  0.000026 -0.000000  0.000021  0.000008  0.000001 -0.000021 -0.000008  0.000001 -0.000002 -0.000006  0.000027 -0.000002 -0.000006 -0.000026  0.000002  0.000006 -0.000026  0.000002  0.000006  0.000027 -0.000006  0.000012  0.000023 -0.000005  0.000013 -0.000024  0.000011 -0.000021 -0.000000  0.003339 -0.000012  0.000023 -0.000011  0.000021 -0.000000  0.000005 -0.000013 -0.000024
Row   35   -0.000092  0.000086  0.000007  0.000091 -0.000085  0.000006 -0.000055  0.000002 -0.000008  0.000058 -0.000004 -0.000008  0.000002 -0.000042  0.000046  0.000003 -0.000044 -0.000054 -0.000003  0.000043 -0.000053 -0.000002  0.000042  0.000046  0.000012  0.000045  0.000067  0.000012  0.000042 -0.000059  0.000067 -0.000066  0.000001 -0.000012  0.003288  0.000067 -0.000068  0.000068  0.000001 -0.000012 -0.000042 -0.000059
Row   36    0.000155 -0.000156 -0.000011 -0.000154  0.000154 -0.000009  0.000102  0.000000  0.000013 -0.000106  0.000003  0.000014 -0.000004  0.000066 -0.000061 -0.000007  0.000069  0.000075  0.000007 -0.000068  0.000073  0.000004 -0.000065 -0.000061 -0.000023 -0.000067 -0.000098 -0.000023 -0.000063  0.000084 -0.000104  0.000097 -0.000001  0.000023  0.000067  0.003235  0.000107 -0.000100 -0.000001  0.000023  0.000062  0.000083
Row   37   -0.000111  0.000088  0.000008  0.000110 -0.000086  0.000007 -0.000052  0.000010 -0.000009  0.000055 -0.000012 -0.000010  0.000001 -0.000059  0.000083  0.000002 -0.000062 -0.000092 -0.000002  0.000061 -0.000091 -0.000000  0.000059  0.000083  0.000010  0.000068  0.000107  0.000011  0.000066 -0.000097  0.000095 -0.000104  0.000001 -0.000011 -0.000068  0.000107  0.003236  0.000105  0.000001 -0.000011 -0.000065 -0.000097
Row   38    0.000147 -0.000144 -0.000011 -0.000146  0.000142 -0.000009  0.000093 -0.000002  0.000012 -0.000097  0.000005  0.000013 -0.000004  0.000065 -0.000066 -0.000006  0.000068  0.000078  0.000006 -0.000067  0.000077  0.000003 -0.000064 -0.000065 -0.000021 -0.000068 -0.000100 -0.000021 -0.000064  0.000087 -0.000103  0.000099 -0.000001  0.000021  0.000068 -0.000100  0.000105  0.003232 -0.000001  0.000021  0.000063  0.000086
Row   39   -0.000000  0.000001  0.000000  0.000000 -0.000001  0.000000 -0.000001 -0.000000 -0.000000  0.000001  0.000000 -0.000000  0.000000  0.000000 -0.000001  0.000000  0.000000  0.000001 -0.000000 -0.000000  0.000001 -0.000000 -0.000000 -0.000001  0.000000 -0.000001 -0.000001  0.000000 -0.000001  0.000001 -0.000001  0.000001  0.000000 -0.000000  0.000001 -0.000001  0.000001 -0.000001  0.003333 -0.000000  0.000001  0.000001
Row   40    0.000005 -0.000023 -0.000000 -0.000005  0.000023 -0.000000  0.000019  0.000007  0.000000 -0.000019 -0.000007  0.000000 -0.000002 -0.000006  0.000026 -0.000002 -0.000006 -0.000025  0.000002  0.000006 -0.000025  0.000002  0.000006  0.000026 -0.000005  0.000012  0.000023 -0.000005  0.000013 -0.000024  0.000011 -0.000021 -0.000000  0.000005 -0.000012  0.000023 -0.000011  0.000021 -0.000000  0.003338 -0.000013 -0.000024
Row   41   -0.000092  0.000090  0.000007  0.000091 -0.000089  0.000006 -0.000058  0.000001 -0.000008  0.000061 -0.000003 -0.000008  0.000002 -0.000040  0.000041  0.000004 -0.000042 -0.000048 -0.000004  0.000042 -0.000047 -0.000002  0.000040  0.000040  0.000013  0.000042  0.000062  0.000013  0.000039 -0.000054  0.000064 -0.000061  0.000001 -0.000013 -0.000042  0.000062 -0.000065  0.000063  0.000001 -0.000013  0.003294 -0.000053
