The input file has: 5 atoms
Atoms and coordinates (in Å):
C     -0.012700      1.085800      0.008000
H      0.202100     -0.004100      0.102000
H      1.009900      1.463100      0.200300
H     -0.589900      1.496900     -0.875100
H     -0.522900      1.437300      0.904800
Number of coordinates:
Stretching:      4 Bending:      6 Torsion:      0
Internal:     10 Cartesian:     15 
Potential energy at input structure:
    5.106778 kcal/mol
Stretch, Bend, Torsion, VDW components of potential energy:
    0.325222     4.781556     0.000000     0.000000
Geometry optimization gradient RMS threshold:     0.00100000
Gradient of the energy for initial structure (in kcal/mol/Angstrom
C    -15.057782     -0.686047    -18.404729
H     18.914138      1.438184     13.594353
H     -0.302982    -14.879537     17.983837
H    -16.690351     12.804442     -3.115153
H     13.136976      1.322959    -10.058308
Initial Guess for the Inverse Hessian
Row    1    0.003333  0.000000  0.000000  0.000000  0.000000  0.000000  0.000000  0.000000  0.000000  0.000000  0.000000  0.000000  0.000000  0.000000  0.000000
Row    2    0.000000  0.003333  0.000000  0.000000  0.000000  0.000000  0.000000  0.000000  0.000000  0.000000  0.000000  0.000000  0.000000  0.000000  0.000000
Row    3    0.000000  0.000000  0.003333  0.000000  0.000000  0.000000  0.000000  0.000000  0.000000  0.000000  0.000000  0.000000  0.000000  0.000000  0.000000
Row    4    0.000000  0.000000  0.000000  0.003333  0.000000  0.000000  0.000000  0.000000  0.000000  0.000000  0.000000  0.000000  0.000000  0.000000  0.000000
Row    5    0.000000  0.000000  0.000000  0.000000  0.003333  0.000000  0.000000  0.000000  0.000000  0.000000  0.000000  0.000000  0.000000  0.000000  0.000000
Row    6    0.000000  0.000000  0.000000  0.000000  0.000000  0.003333  0.000000  0.000000  0.000000  0.000000  0.000000  0.000000  0.000000  0.000000  0.000000
Row    7    0.000000  0.000000  0.000000  0.000000  0.000000  0.000000  0.003333  0.000000  0.000000  0.000000  0.000000  0.000000  0.000000  0.000000  0.000000
Row    8    0.000000  0.000000  0.000000  0.000000  0.000000  0.000000  0.000000  0.003333  0.000000  0.000000  0.000000  0.000000  0.000000  0.000000  0.000000
Row    9    0.000000  0.000000  0.000000  0.000000  0.000000  0.000000  0.000000  0.000000  0.003333  0.000000  0.000000  0.000000  0.000000  0.000000  0.000000
Row   10    0.000000  0.000000  0.000000  0.000000  0.000000  0.000000  0.000000  0.000000  0.000000  0.003333  0.000000  0.000000  0.000000  0.000000  0.000000
Row   11    0.000000  0.000000  0.000000  0.000000  0.000000  0.000000  0.000000  0.000000  0.000000  0.000000  0.003333  0.000000  0.000000  0.000000  0.000000
Row   12    0.000000  0.000000  0.000000  0.000000  0.000000  0.000000  0.000000  0.000000  0.000000  0.000000  0.000000  0.003333  0.000000  0.000000  0.000000
Row   13    0.000000  0.000000  0.000000  0.000000  0.000000  0.000000  0.000000  0.000000  0.000000  0.000000  0.000000  0.000000  0.003333  0.000000  0.000000
Row   14    0.000000  0.000000  0.000000  0.000000  0.000000  0.000000  0.000000  0.000000  0.000000  0.000000  0.000000  0.000000  0.000000  0.003333  0.000000
Row   15    0.000000  0.000000  0.000000  0.000000  0.000000  0.000000  0.000000  0.000000  0.000000  0.000000  0.000000  0.000000  0.000000  0.000000  0.003333

***** Geometry optimization cycle number   1 ******

Predicted structure change p_k = -M_k grad V(r_k)
C      0.050193      0.002287      0.061349
H     -0.063047     -0.004794     -0.045315
H      0.001010      0.049598     -0.059946
H      0.055635     -0.042681      0.010384
H     -0.043790     -0.004410      0.033528
    Line search: alpha and energy:     0.800000     1.766417
New structure r_k+1 = r_k + s_k = r_k + alpha_k p_k
C      0.027454      1.087629      0.057079
H      0.151662     -0.007935      0.065748
H      1.010708      1.502779      0.152343
H     -0.545392      1.462755     -0.866793
H     -0.557932      1.433772      0.931622
Energy before update and after:     5.10677804     1.76641706 And GRMS:     15.1139258
New gradient g_k+1:
C     37.362434     -6.942663     15.506242
H      5.742009      5.865555      1.683977
H    -23.368653    -15.073995      4.116080
H    -19.985651     11.546235    -17.738520
H      0.249861      4.604868     -3.567779
Updated guess for the Inverse Hessian (equation 12)
Row    1    0.002066  0.000140 -0.000861  0.000390 -0.000094  0.000336  0.000525 -0.000066  0.000401 -0.000004  0.000089  0.000319  0.000356 -0.000069 -0.000196
Row    2    0.000140  0.003349  0.000202 -0.000230 -0.000023 -0.000163  0.000028  0.000192 -0.000217  0.000219 -0.000164  0.000055 -0.000156 -0.000020  0.000123
Row    3   -0.000861  0.000202  0.003123 -0.000388 -0.000181 -0.000211  0.000656  0.000600 -0.000331  0.000759 -0.000476  0.000532 -0.000165 -0.000144  0.000221
Row    4    0.000390 -0.000230 -0.000388  0.004354  0.000233  0.000663 -0.000684 -0.001105  0.000932 -0.001328  0.000910 -0.000649  0.000601  0.000192 -0.000557
Row    5   -0.000094 -0.000023 -0.000181  0.000233  0.003363  0.000162 -0.000054 -0.000206  0.000219 -0.000238  0.000175 -0.000075  0.000154  0.000025 -0.000125
Row    6    0.000336 -0.000163 -0.000211  0.000663  0.000162  0.003760 -0.000490 -0.000739  0.000603 -0.000893  0.000607 -0.000455  0.000384  0.000133 -0.000363
Row    7    0.000525  0.000028  0.000656 -0.000684 -0.000054 -0.000490  0.003355  0.000543 -0.000649  0.000610 -0.000466  0.000120 -0.000473 -0.000050  0.000364
Row    8   -0.000066  0.000192  0.000600 -0.001105 -0.000206 -0.000739  0.000543  0.004441 -0.001021  0.001312 -0.000921  0.000561 -0.000683 -0.000172  0.000599
Row    9    0.000401 -0.000217 -0.000331  0.000932  0.000219  0.000603 -0.000649 -0.001021  0.004182 -0.001229  0.000839 -0.000611  0.000545  0.000180 -0.000509
Row   10   -0.000004  0.000219  0.000759 -0.001328 -0.000238 -0.000893  0.000610  0.001312 -0.001229  0.004883 -0.001093  0.000644 -0.000828 -0.000199  0.000719
Row   11    0.000089 -0.000164 -0.000476  0.000910  0.000175  0.000607 -0.000466 -0.000921  0.000839 -0.001093  0.004098 -0.000476  0.000560  0.000145 -0.000494
Row   12    0.000319  0.000055  0.000532 -0.000649 -0.000075 -0.000455  0.000120  0.000561 -0.000611  0.000644 -0.000476  0.003520 -0.000433 -0.000065  0.000348
Row   13    0.000356 -0.000156 -0.000165  0.000601  0.000154  0.000384 -0.000473 -0.000683  0.000545 -0.000828  0.000560 -0.000433  0.003677  0.000126 -0.000330
Row   14   -0.000069 -0.000020 -0.000144  0.000192  0.000025  0.000133 -0.000050 -0.000172  0.000180 -0.000199  0.000145 -0.000065  0.000126  0.003355 -0.000103
Row   15   -0.000196  0.000123  0.000221 -0.000557 -0.000125 -0.000363  0.000364  0.000599 -0.000509  0.000719 -0.000494  0.000348 -0.000330 -0.000103  0.003638

***** Geometry optimization cycle number   2 ******

Predicted structure change p_k = -M_k grad V(r_k)
C     -0.051407      0.028886      0.046117
H     -0.125698     -0.029169     -0.081519
H      0.086096      0.137020     -0.114662
H      0.164810     -0.112761      0.081363
H     -0.073801     -0.023975      0.068702
    Line search: alpha and energy:     0.800000     8.322342
    Line search: alpha and energy:     0.640000     4.252439
    Line search: alpha and energy:     0.512000     1.986019
    Line search: alpha and energy:     0.409600     0.808780
New structure r_k+1 = r_k + s_k = r_k + alpha_k p_k
C      0.006398      1.099461      0.075969
H      0.100176     -0.019883      0.032358
H      1.045973      1.558902      0.105377
H     -0.477886      1.416568     -0.833467
H     -0.588161      1.423952      0.959763
Energy before update and after:     1.76641706     0.80877983 And GRMS:     11.7622815
New gradient g_k+1:
C    -28.924159      8.953159    -12.985717
H      1.349683     -9.640788     -4.267767
H     17.446903      7.317138     -1.582151
H     11.560109     -8.508218     17.400847
H     -1.432536      1.878709      1.434789
Updated guess for the Inverse Hessian (equation 12)
Row    1    0.001911  0.000253 -0.000733  0.000063 -0.000220  0.000072  0.000776  0.000306  0.000075  0.000454 -0.000241  0.000589  0.000129 -0.000098 -0.000003
Row    2    0.000253  0.003270  0.000106  0.000019  0.000063  0.000028 -0.000158 -0.000088  0.000026 -0.000124  0.000081 -0.000139  0.000010  0.000008 -0.000021
Row    3   -0.000733  0.000106  0.003018 -0.000122 -0.000074  0.000008  0.000449  0.000296 -0.000063  0.000384 -0.000204  0.000308  0.000023 -0.000124  0.000063
Row    4    0.000063  0.000019 -0.000122  0.003679 -0.000046  0.000099 -0.000156 -0.000332  0.000247 -0.000372  0.000214 -0.000070  0.000118  0.000145 -0.000154
Row    5   -0.000220  0.000063 -0.000074 -0.000046  0.003270 -0.000048  0.000152  0.000107 -0.000052  0.000145 -0.000097  0.000139 -0.000030 -0.000009  0.000036
Row    6    0.000072  0.000028  0.000008  0.000099 -0.000048  0.003312 -0.000061 -0.000099  0.000043 -0.000106  0.000041  0.000003 -0.000004  0.000078 -0.000032
Row    7    0.000776 -0.000158  0.000449 -0.000156  0.000152 -0.000061  0.002948 -0.000060 -0.000120 -0.000132  0.000070 -0.000319 -0.000103 -0.000005  0.000051
Row    8    0.000306 -0.000088  0.000296 -0.000332  0.000107 -0.000099 -0.000060  0.003555 -0.000239  0.000219 -0.000127 -0.000096 -0.000134 -0.000113  0.000138
Row    9    0.000075  0.000026 -0.000063  0.000247 -0.000052  0.000043 -0.000120 -0.000239  0.003495 -0.000266  0.000142 -0.000038  0.000064  0.000124 -0.000103
Row   10    0.000454 -0.000124  0.000384 -0.000372  0.000145 -0.000106 -0.000132  0.000219 -0.000266  0.003535 -0.000115 -0.000163 -0.000152 -0.000124  0.000151
Row   11   -0.000241  0.000081 -0.000204  0.000214 -0.000097  0.000041  0.000070 -0.000127  0.000142 -0.000115  0.003392  0.000103  0.000073  0.000086 -0.000082
Row   12    0.000589 -0.000139  0.000308 -0.000070  0.000139  0.000003 -0.000319 -0.000096 -0.000038 -0.000163  0.000103  0.003052 -0.000037 -0.000008  0.000009
Row   13    0.000129  0.000010  0.000023  0.000118 -0.000030 -0.000004 -0.000103 -0.000134  0.000064 -0.000152  0.000073 -0.000037  0.003342  0.000081 -0.000046
Row   14   -0.000098  0.000008 -0.000124  0.000145 -0.000009  0.000078 -0.000005 -0.000113  0.000124 -0.000124  0.000086 -0.000008  0.000081  0.003362 -0.000071
Row   15   -0.000003 -0.000021  0.000063 -0.000154  0.000036 -0.000032  0.000051  0.000138 -0.000103  0.000151 -0.000082  0.000009 -0.000046 -0.000071  0.003398

***** Geometry optimization cycle number   3 ******

Predicted structure change p_k = -M_k grad V(r_k)
C      0.008747     -0.011872     -0.004941
H      0.008078      0.014966      0.018767
H     -0.012610     -0.012936      0.014778
H     -0.018266      0.016990     -0.020467
H      0.014051     -0.007148     -0.008137
    Line search: alpha and energy:     0.800000     0.105201
New structure r_k+1 = r_k + s_k = r_k + alpha_k p_k
C      0.013396      1.089964      0.072016
H      0.106639     -0.007910      0.047371
H      1.035884      1.548553      0.117200
H     -0.492499      1.430160     -0.849840
H     -0.576920      1.418233      0.953253
Energy before update and after:     0.80877983     0.10520122 And GRMS:      4.4549758
New gradient g_k+1:
C     -9.212652     -9.902053     -0.567059
H      0.348448      5.616543     -1.630012
H      7.301189      3.465319     -0.067679
H      1.678191     -0.994752      2.734716
H     -0.115175      1.814944     -0.469966
Updated guess for the Inverse Hessian (equation 12)
Row    1    0.002067  0.000360 -0.000837  0.000158 -0.000210  0.000297  0.000563  0.000120  0.000238  0.000262 -0.000066  0.000382  0.000283 -0.000203 -0.000080
Row    2    0.000360  0.002692  0.000067  0.000185  0.000594  0.000406 -0.000328 -0.000306  0.000342 -0.000529  0.000462 -0.000603  0.000312 -0.000109 -0.000212
Row    3   -0.000837  0.000067  0.003085 -0.000190 -0.000106 -0.000152  0.000591  0.000424 -0.000181  0.000524 -0.000333  0.000461 -0.000089 -0.000051  0.000121
Row    4    0.000158  0.000185 -0.000190  0.003721 -0.000121  0.000201 -0.000281 -0.000431  0.000315 -0.000447  0.000280 -0.000146  0.000182  0.000088 -0.000180
Row    5   -0.000210  0.000594 -0.000106 -0.000121  0.002849 -0.000214  0.000158  0.000166 -0.000206  0.000351 -0.000295  0.000384 -0.000178  0.000020  0.000142
Row    6    0.000297  0.000406 -0.000152  0.000201 -0.000214  0.003559 -0.000359 -0.000338  0.000208 -0.000290  0.000205 -0.000186  0.000152 -0.000059 -0.000097
Row    7    0.000563 -0.000328  0.000591 -0.000281  0.000158 -0.000359  0.003237  0.000192 -0.000335  0.000121 -0.000159 -0.000049 -0.000307  0.000138  0.000152
Row    8    0.000120 -0.000306  0.000424 -0.000431  0.000166 -0.000338  0.000192  0.003767 -0.000407  0.000412 -0.000302  0.000109 -0.000293  0.000007  0.000212
Row    9    0.000238  0.000342 -0.000181  0.000315 -0.000206  0.000208 -0.000335 -0.000407  0.003601 -0.000381  0.000244 -0.000154  0.000164  0.000027 -0.000141
Row   10    0.000262 -0.000529  0.000524 -0.000447  0.000351 -0.000290  0.000121  0.000412 -0.000381  0.003658 -0.000223 -0.000042 -0.000261 -0.000012  0.000189
Row   11   -0.000066  0.000462 -0.000333  0.000280 -0.000295  0.000205 -0.000159 -0.000302  0.000244 -0.000223  0.003484 -0.000001  0.000168 -0.000015 -0.000114
Row   12    0.000382 -0.000603  0.000461 -0.000146  0.000384 -0.000186 -0.000049  0.000109 -0.000154 -0.000042 -0.000001  0.003169 -0.000146  0.000111  0.000043
Row   13    0.000283  0.000312 -0.000089  0.000182 -0.000178  0.000152 -0.000307 -0.000293  0.000164 -0.000261  0.000168 -0.000146  0.003436 -0.000010 -0.000081
Row   14   -0.000203 -0.000109 -0.000051  0.000088  0.000020 -0.000059  0.000138  0.000007  0.000027 -0.000012 -0.000015  0.000111 -0.000010  0.003430 -0.000028
Row   15   -0.000080 -0.000212  0.000121 -0.000180  0.000142 -0.000097  0.000152  0.000212 -0.000141  0.000189 -0.000114  0.000043 -0.000081 -0.000028  0.003407

***** Geometry optimization cycle number   4 ******

Predicted structure change p_k = -M_k grad V(r_k)
C      0.018045      0.033885     -0.013013
H      0.007656     -0.016086      0.018687
H     -0.023867     -0.018744      0.012172
H     -0.013310      0.011727     -0.013424
H      0.011475     -0.010782     -0.004423
    Line search: alpha and energy:     0.800000     0.896235
    Line search: alpha and energy:     0.640000     0.491532
    Line search: alpha and energy:     0.512000     0.256311
    Line search: alpha and energy:     0.409600     0.124901
    Line search: alpha and energy:     0.327680     0.056151
New structure r_k+1 = r_k + s_k = r_k + alpha_k p_k
C      0.019309      1.101067      0.067752
H      0.109148     -0.013181      0.053495
H      1.028064      1.542411      0.121188
H     -0.496860      1.434003     -0.854239
H     -0.573160      1.414700      0.951804
Energy before update and after:     0.10520122     0.05615106 And GRMS:      3.4726463
New gradient g_k+1:
C      4.122070      9.901425     -0.681638
H      0.761969     -5.518532     -0.541343
H     -4.494189     -3.100196      0.302958
H     -0.232777     -1.259634      1.479057
H     -0.157072     -0.023062     -0.559033
Updated guess for the Inverse Hessian (equation 12)
Row    1    0.001814 -0.000164 -0.000664  0.000012  0.000024  0.000091  0.000922  0.000430  0.000051  0.000457 -0.000187  0.000499  0.000128 -0.000103  0.000024
Row    2   -0.000164  0.001616  0.000426 -0.000111  0.001078 -0.000031  0.000410  0.000328 -0.000042 -0.000126  0.000203 -0.000347 -0.000010  0.000108 -0.000006
Row    3   -0.000664  0.000426  0.002968 -0.000089 -0.000267 -0.000013  0.000345  0.000210 -0.000053  0.000391 -0.000252  0.000384  0.000017 -0.000118  0.000048
Row    4    0.000012 -0.000111 -0.000089  0.003643  0.000013  0.000074 -0.000077 -0.000259  0.000209 -0.000335  0.000204 -0.000068  0.000092  0.000153 -0.000126
Row    5    0.000024  0.001078 -0.000267  0.000013  0.002631 -0.000021 -0.000174 -0.000120 -0.000033  0.000170 -0.000182  0.000274 -0.000034 -0.000075  0.000047
Row    6    0.000091 -0.000031 -0.000013  0.000074 -0.000021  0.003404 -0.000062 -0.000075  0.000052 -0.000129  0.000116 -0.000107  0.000027  0.000011 -0.000003
Row    7    0.000922  0.000410  0.000345 -0.000077 -0.000174 -0.000062  0.002730 -0.000244 -0.000071 -0.000155  0.000016 -0.000221 -0.000086 -0.000009  0.000009
Row    8    0.000430  0.000328  0.000210 -0.000259 -0.000120 -0.000075 -0.000244  0.003395 -0.000181  0.000175 -0.000145 -0.000048 -0.000101 -0.000125  0.000093
Row    9    0.000051 -0.000042 -0.000053  0.000209 -0.000033  0.000052 -0.000071 -0.000181  0.003464 -0.000238  0.000151 -0.000063  0.000049  0.000104 -0.000067
Row   10    0.000457 -0.000126  0.000391 -0.000335  0.000170 -0.000129 -0.000155  0.000175 -0.000238  0.003508 -0.000128 -0.000134 -0.000141 -0.000091  0.000110
Row   11   -0.000187  0.000203 -0.000252  0.000204 -0.000182  0.000116  0.000016 -0.000145  0.000151 -0.000128  0.003434  0.000042  0.000095  0.000023 -0.000057
Row   12    0.000499 -0.000347  0.000384 -0.000068  0.000274 -0.000107 -0.000221 -0.000048 -0.000063 -0.000134  0.000042  0.003135 -0.000076  0.000079 -0.000016
Row   13    0.000128 -0.000010  0.000017  0.000092 -0.000034  0.000027 -0.000086 -0.000101  0.000049 -0.000141  0.000095 -0.000076  0.003341  0.000050 -0.000016
Row   14   -0.000103  0.000108 -0.000118  0.000153 -0.000075  0.000011 -0.000009 -0.000125  0.000104 -0.000091  0.000023  0.000079  0.000050  0.003401 -0.000077
Row   15    0.000024 -0.000006  0.000048 -0.000126  0.000047 -0.000003  0.000009  0.000093 -0.000067  0.000110 -0.000057 -0.000016 -0.000016 -0.000077  0.003371

***** Geometry optimization cycle number   5 ******

Predicted structure change p_k = -M_k grad V(r_k)
C     -0.001512     -0.005408      0.000583
H     -0.002666      0.001824      0.001351
H      0.003275      0.004065     -0.001876
H      0.001562      0.001289     -0.002608
H     -0.000660     -0.001771      0.002550
    Line search: alpha and energy:     0.800000     0.004659
New structure r_k+1 = r_k + s_k = r_k + alpha_k p_k
C      0.018100      1.096741      0.068218
H      0.107015     -0.011721      0.054576
H      1.030684      1.545663      0.119687
H     -0.495611      1.435034     -0.856326
H     -0.573688      1.413283      0.953844
Energy before update and after:     0.05615106     0.00465887 And GRMS:      0.8003818
New gradient g_k+1:
C      1.478244      1.763115     -0.162845
H      0.282965     -1.452394     -0.350141
H     -0.626576     -0.628044      0.180695
H     -0.544036     -0.167242     -0.145543
H     -0.590597      0.484565      0.477835
Updated guess for the Inverse Hessian (equation 12)
Row    1    0.001847 -0.000109 -0.000686  0.000054 -0.000021  0.000064  0.000911  0.000384  0.000083  0.000415 -0.000199  0.000512  0.000107 -0.000056  0.000027
Row    2   -0.000109  0.001585  0.000373 -0.000071  0.000994 -0.000070  0.000507  0.000336 -0.000005 -0.000214  0.000215 -0.000410 -0.000113  0.000204  0.000112
Row    3   -0.000686  0.000373  0.002979 -0.000121 -0.000239  0.000005  0.000369  0.000252 -0.000077  0.000416 -0.000240  0.000364  0.000021 -0.000146  0.000062
Row    4    0.000054 -0.000071 -0.000121  0.003689 -0.000047  0.000041 -0.000063 -0.000297  0.000246 -0.000394  0.000197 -0.000073  0.000048  0.000218 -0.000094
Row    5   -0.000021  0.000994 -0.000239 -0.000047  0.002692  0.000016 -0.000149 -0.000051 -0.000079  0.000227 -0.000163  0.000249 -0.000011 -0.000138  0.000052
Row    6    0.000064 -0.000070  0.000005  0.000041  0.000016  0.003425 -0.000058 -0.000042  0.000027 -0.000094  0.000124 -0.000113  0.000047 -0.000028 -0.000010
Row    7    0.000911  0.000507  0.000369 -0.000063 -0.000149 -0.000058  0.002625 -0.000306 -0.000067 -0.000125 -0.000010 -0.000145 -0.000015 -0.000042 -0.000099
Row    8    0.000384  0.000336  0.000252 -0.000297 -0.000051 -0.000042 -0.000306  0.003402 -0.000214  0.000245 -0.000151 -0.000008 -0.000026 -0.000202  0.000012
Row    9    0.000083 -0.000005 -0.000077  0.000246 -0.000079  0.000027 -0.000067 -0.000214  0.003493 -0.000282  0.000144 -0.000062  0.000019  0.000153 -0.000049
Row   10    0.000415 -0.000214  0.000416 -0.000394  0.000227 -0.000094 -0.000125  0.000245 -0.000282  0.003561 -0.000108 -0.000162 -0.000123 -0.000150  0.000122
Row   11   -0.000199  0.000215 -0.000240  0.000197 -0.000163  0.000124 -0.000010 -0.000151  0.000144 -0.000108  0.003430  0.000059  0.000120  0.000002 -0.000088
Row   12    0.000512 -0.000410  0.000364 -0.000073  0.000249 -0.000113 -0.000145 -0.000008 -0.000062 -0.000162  0.000059  0.003082 -0.000131  0.000110  0.000063
Row   13    0.000107 -0.000113  0.000021  0.000048 -0.000011  0.000047 -0.000015 -0.000026  0.000019 -0.000123  0.000120 -0.000131  0.003317  0.000029  0.000045
Row   14   -0.000056  0.000204 -0.000146  0.000218 -0.000138 -0.000028 -0.000042 -0.000202  0.000153 -0.000150  0.000002  0.000110  0.000029  0.003468 -0.000089
Row   15    0.000027  0.000112  0.000062 -0.000094  0.000052 -0.000010 -0.000099  0.000012 -0.000049  0.000122 -0.000088  0.000063  0.000045 -0.000089  0.003267

***** Geometry optimization cycle number   6 ******

Predicted structure change p_k = -M_k grad V(r_k)
C     -0.001531     -0.000963      0.001226
H     -0.001567      0.002226      0.001173
H     -0.000966      0.001043     -0.001286
H      0.002204      0.000135      0.000493
H      0.001860     -0.002441     -0.001606
    Line search: alpha and energy:     0.800000     0.002776
New structure r_k+1 = r_k + s_k = r_k + alpha_k p_k
C      0.016875      1.095971      0.069199
H      0.105761     -0.009940      0.055515
H      1.029911      1.546497      0.118658
H     -0.493847      1.435142     -0.855931
H     -0.572200      1.411331      0.952559
Energy before update and after:     0.00465887     0.00277560 And GRMS:      0.6834663
New gradient g_k+1:
C     -0.907556      0.316313      1.725376
H      0.099308      0.319435     -0.283527
H     -0.076601     -0.159170     -0.075582
H      0.038093     -0.156623      0.057935
H      0.846756     -0.319955     -1.424202
Updated guess for the Inverse Hessian (equation 12)
Row    1    0.001565 -0.000074 -0.000208 -0.000008  0.000141  0.000046  0.000860  0.000412 -0.000009  0.000534 -0.000231  0.000540  0.000382 -0.000248 -0.000370
Row    2   -0.000074  0.001741  0.000503  0.000107  0.000786 -0.000245  0.000609  0.000208  0.000116 -0.000445  0.000176 -0.000461 -0.000198  0.000423  0.000086
Row    3   -0.000208  0.000503  0.002396  0.000186 -0.000734 -0.000173  0.000569  0.000058  0.000208 -0.000042 -0.000236  0.000260 -0.000505  0.000408  0.000643
Row    4   -0.000008  0.000107  0.000186  0.003858 -0.000211 -0.000151  0.000028 -0.000423  0.000343 -0.000599  0.000144 -0.000116  0.000054  0.000384 -0.000261
Row    5    0.000141  0.000786 -0.000734 -0.000211  0.002818  0.000233 -0.000232  0.000078 -0.000154  0.000411 -0.000094  0.000287 -0.000109 -0.000255  0.000368
Row    6    0.000046 -0.000245 -0.000173 -0.000151  0.000233  0.003618 -0.000166  0.000097 -0.000099  0.000151  0.000169 -0.000060  0.000120 -0.000254  0.000048
Row    7    0.000860  0.000609  0.000569  0.000028 -0.000232 -0.000166  0.002673 -0.000376 -0.000018 -0.000233 -0.000041 -0.000168  0.000004  0.000040 -0.000216
Row    8    0.000412  0.000208  0.000058 -0.000423  0.000078  0.000097 -0.000376  0.003495 -0.000290  0.000401 -0.000114  0.000025 -0.000013 -0.000334  0.000109
Row    9   -0.000009  0.000116  0.000208  0.000343 -0.000154 -0.000099 -0.000018 -0.000290  0.003538 -0.000390  0.000104 -0.000084  0.000074  0.000223 -0.000229
Row   10    0.000534 -0.000445 -0.000042 -0.000599  0.000411  0.000151 -0.000233  0.000401 -0.000390  0.003802 -0.000036 -0.000111 -0.000171 -0.000331  0.000392
Row   11   -0.000231  0.000176 -0.000236  0.000144 -0.000094  0.000169 -0.000041 -0.000114  0.000104 -0.000036  0.003438  0.000075  0.000166 -0.000072 -0.000113
Row   12    0.000540 -0.000461  0.000260 -0.000116  0.000287 -0.000060 -0.000168  0.000025 -0.000084 -0.000111  0.000075  0.003092 -0.000144  0.000073  0.000126
Row   13    0.000382 -0.000198 -0.000505  0.000054 -0.000109  0.000120  0.000004 -0.000013  0.000074 -0.000171  0.000166 -0.000144  0.003064  0.000155  0.000456
Row   14   -0.000248  0.000423  0.000408  0.000384 -0.000255 -0.000254  0.000040 -0.000334  0.000223 -0.000331 -0.000072  0.000073  0.000155  0.003572 -0.000450
Row   15   -0.000370  0.000086  0.000643 -0.000261  0.000368  0.000048 -0.000216  0.000109 -0.000229  0.000392 -0.000113  0.000126  0.000456 -0.000450  0.002746

***** Geometry optimization cycle number   7 ******

Predicted structure change p_k = -M_k grad V(r_k)
C      0.000885     -0.001232     -0.002822
H     -0.001004      0.000804      0.001290
H     -0.000512      0.000783     -0.000479
H      0.001138      0.000404      0.000237
H     -0.000507     -0.000758      0.001773
    Line search: alpha and energy:     0.800000     0.003954
    Line search: alpha and energy:     0.640000     0.002374
    Line search: alpha and energy:     0.512000     0.001594
New structure r_k+1 = r_k + s_k = r_k + alpha_k p_k
C      0.017328      1.095340      0.067754
H      0.105247     -0.009529      0.056175
H      1.029649      1.546898      0.118413
H     -0.493265      1.435349     -0.855809
H     -0.572459      1.410942      0.953467
Energy before update and after:     0.00277560     0.00159359 And GRMS:      0.4733797
New gradient g_k+1:
C     -0.075112     -0.854217     -0.726871
H     -0.089392      1.101537     -0.012246
H     -0.262614     -0.061593      0.030470
H      0.383394     -0.248704      0.764585
H      0.043723      0.062978     -0.055937
Updated guess for the Inverse Hessian (equation 12)
Row    1    0.001511  0.000049  0.000007  0.000072 -0.000088 -0.000000  0.001004  0.000411  0.000030  0.000378 -0.000178  0.000353  0.000368 -0.000194 -0.000389
Row    2    0.000049  0.001502  0.000049 -0.000059  0.001149 -0.000109  0.000380  0.000253  0.000036 -0.000165  0.000124 -0.000186 -0.000206  0.000305  0.000210
Row    3    0.000007  0.000049  0.001565 -0.000119  0.000038  0.000041  0.000083  0.000102  0.000060  0.000514 -0.000386  0.000871 -0.000485  0.000196  0.000795
Row    4    0.000072 -0.000059 -0.000119  0.003746  0.000066 -0.000070 -0.000146 -0.000405  0.000289 -0.000397  0.000092  0.000102  0.000059  0.000305 -0.000201
Row    5   -0.000088  0.001149  0.000038  0.000066  0.002446 -0.000073  0.000003 -0.000083 -0.000021  0.000037 -0.000128  0.000068 -0.000019 -0.000051 -0.000011
Row    6   -0.000000 -0.000109  0.000041 -0.000070 -0.000073  0.003595  0.000026  0.000122 -0.000060 -0.000036  0.000261 -0.000326  0.000081 -0.000201  0.000082
Row    7    0.001004  0.000380  0.000083 -0.000146  0.000003  0.000026  0.002524 -0.000275 -0.000101  0.000003 -0.000021 -0.000029 -0.000052 -0.000088  0.000022
Row    8    0.000411  0.000253  0.000102 -0.000405 -0.000083  0.000122 -0.000275  0.003535 -0.000280  0.000321 -0.000046 -0.000128 -0.000053 -0.000326  0.000184
Row    9    0.000030  0.000036  0.000060  0.000289 -0.000021 -0.000060 -0.000101 -0.000280  0.003512 -0.000293  0.000080  0.000020  0.000076  0.000185 -0.000199
Row   10    0.000378 -0.000165  0.000514 -0.000397  0.000037 -0.000036  0.000003  0.000321 -0.000293  0.003488 -0.000008 -0.000376 -0.000140 -0.000186  0.000191
Row   11   -0.000178  0.000124 -0.000386  0.000092 -0.000128  0.000261 -0.000021 -0.000046  0.000080 -0.000008  0.003498  0.000010  0.000115 -0.000114  0.000034
Row   12    0.000353 -0.000186  0.000871  0.000102  0.000068 -0.000326 -0.000029 -0.000128  0.000020 -0.000376  0.000010  0.002995 -0.000049  0.000236 -0.000227
Row   13    0.000368 -0.000206 -0.000485  0.000059 -0.000019  0.000081 -0.000052 -0.000053  0.000076 -0.000140  0.000115 -0.000049  0.003098  0.000163  0.000377
Row   14   -0.000194  0.000305  0.000196  0.000305 -0.000051 -0.000201 -0.000088 -0.000326  0.000185 -0.000186 -0.000114  0.000236  0.000163  0.003518 -0.000417
Row   15   -0.000389  0.000210  0.000795 -0.000201 -0.000011  0.000082  0.000022  0.000184 -0.000199  0.000191  0.000034 -0.000227  0.000377 -0.000417  0.002882

***** Geometry optimization cycle number   8 ******

Predicted structure change p_k = -M_k grad V(r_k)
C      0.000067      0.000403      0.000249
H      0.000122     -0.001785      0.000414
H      0.001118      0.000528      0.000065
H     -0.000809      0.000823     -0.001754
H     -0.000498      0.000031      0.001027
    Line search: alpha and energy:     0.800000     0.000334
New structure r_k+1 = r_k + s_k = r_k + alpha_k p_k
C      0.017381      1.095662      0.067953
H      0.105345     -0.010957      0.056506
H      1.030543      1.547320      0.118465
H     -0.493912      1.436007     -0.857213
H     -0.572857      1.410968      0.954289
Energy before update and after:     0.00159359     0.00033404 And GRMS:      0.1785081
New gradient g_k+1:
C      0.123885     -0.266596     -0.069324
H     -0.007452     -0.118596      0.000965
H      0.260673      0.144570      0.024790
H     -0.164753      0.113194     -0.278986
H     -0.212353      0.127428      0.322556
Updated guess for the Inverse Hessian (equation 12)
Row    1    0.001510  0.000045  0.000004  0.000071 -0.000058 -0.000007  0.000983  0.000400  0.000029  0.000392 -0.000192  0.000384  0.000378 -0.000195 -0.000410
Row    2    0.000045  0.001527  0.000063 -0.000049  0.001125 -0.000104  0.000381  0.000245  0.000038 -0.000176  0.000133 -0.000201 -0.000202  0.000303  0.000204
Row    3    0.000004  0.000063  0.001573 -0.000114  0.000029  0.000043  0.000080  0.000096  0.000061  0.000511 -0.000383  0.000868 -0.000481  0.000195  0.000788
Row    4    0.000071 -0.000049 -0.000114  0.003750  0.000048 -0.000066 -0.000140 -0.000404  0.000290 -0.000405  0.000099  0.000087  0.000057  0.000305 -0.000197
Row    5   -0.000058  0.001125  0.000029  0.000048  0.002177 -0.000006  0.000235  0.000061 -0.000017 -0.000087  0.000006 -0.000238 -0.000139 -0.000035  0.000232
Row    6   -0.000007 -0.000104  0.000043 -0.000066 -0.000006  0.003578 -0.000031  0.000087 -0.000061 -0.000006  0.000228 -0.000250  0.000110 -0.000205  0.000023
Row    7    0.000983  0.000381  0.000080 -0.000140  0.000235 -0.000031  0.002339 -0.000384 -0.000107  0.000110 -0.000134  0.000225  0.000041 -0.000099 -0.000167
Row    8    0.000400  0.000245  0.000096 -0.000404  0.000061  0.000087 -0.000384  0.003473 -0.000284  0.000387 -0.000115  0.000026  0.000001 -0.000331  0.000075
Row    9    0.000029  0.000038  0.000061  0.000290 -0.000017 -0.000061 -0.000107 -0.000284  0.003512 -0.000291  0.000078  0.000026  0.000079  0.000185 -0.000205
Row   10    0.000392 -0.000176  0.000511 -0.000405 -0.000087 -0.000006  0.000110  0.000387 -0.000291  0.003431  0.000054 -0.000517 -0.000195 -0.000179  0.000303
Row   11   -0.000192  0.000133 -0.000383  0.000099  0.000006  0.000228 -0.000134 -0.000115  0.000078  0.000054  0.003432  0.000161  0.000173 -0.000121 -0.000084
Row   12    0.000384 -0.000201  0.000868  0.000087 -0.000238 -0.000250  0.000225  0.000026  0.000026 -0.000517  0.000161  0.002653 -0.000179  0.000252  0.000037
Row   13    0.000378 -0.000202 -0.000481  0.000057 -0.000139  0.000110  0.000041  0.000001  0.000079 -0.000195  0.000173 -0.000179  0.003052  0.000168  0.000471
Row   14   -0.000195  0.000303  0.000195  0.000305 -0.000035 -0.000205 -0.000099 -0.000331  0.000185 -0.000179 -0.000121  0.000252  0.000168  0.003518 -0.000427
Row   15   -0.000410  0.000204  0.000788 -0.000197  0.000232  0.000023 -0.000167  0.000075 -0.000205  0.000303 -0.000084  0.000037  0.000471 -0.000427  0.002691

***** Geometry optimization cycle number   9 ******

Predicted structure change p_k = -M_k grad V(r_k)
C     -0.000065      0.000156      0.000080
H      0.000075      0.000316     -0.000086
H     -0.000368     -0.000266      0.000003
H      0.000148     -0.000172      0.000423
H      0.000210     -0.000034     -0.000420
    Line search: alpha and energy:     0.800000     0.000065
New structure r_k+1 = r_k + s_k = r_k + alpha_k p_k
C      0.017329      1.095786      0.068017
H      0.105405     -0.010704      0.056437
H      1.030249      1.547108      0.118467
H     -0.493793      1.435870     -0.856874
H     -0.572689      1.410940      0.953953
Energy before update and after:     0.00033404     0.00006505 And GRMS:      0.0333490
New gradient g_k+1:
C      0.038772     -0.028862      0.011051
H      0.003817     -0.034961     -0.016037
H      0.041487      0.016588      0.010953
H     -0.044836      0.013081     -0.056408
H     -0.039240      0.034153      0.050440
Updated guess for the Inverse Hessian (equation 12)
Row    1    0.001513  0.000044  0.000005  0.000074 -0.000067 -0.000014  0.000993  0.000402  0.000034  0.000382 -0.000193  0.000376  0.000371 -0.000185 -0.000402
Row    2    0.000044  0.001515  0.000053 -0.000063  0.001115 -0.000080  0.000393  0.000267  0.000025 -0.000167  0.000152 -0.000225 -0.000207  0.000284  0.000227
Row    3    0.000005  0.000053  0.001566 -0.000123  0.000016  0.000058  0.000095  0.000114  0.000055  0.000511 -0.000368  0.000844 -0.000489  0.000186  0.000811
Row    4    0.000074 -0.000063 -0.000123  0.003739  0.000027 -0.000050 -0.000115 -0.000380  0.000283 -0.000408  0.000118  0.000054  0.000044  0.000298 -0.000164
Row    5   -0.000067  0.001115  0.000016  0.000027  0.002189  0.000034  0.000222  0.000078 -0.000042 -0.000054  0.000028 -0.000246 -0.000129 -0.000077  0.000238
Row    6   -0.000014 -0.000080  0.000058 -0.000050  0.000034  0.003555 -0.000078  0.000046 -0.000053  0.000006  0.000198 -0.000190  0.000136 -0.000198 -0.000037
Row    7    0.000993  0.000393  0.000095 -0.000115  0.000222 -0.000078  0.002354 -0.000404 -0.000077  0.000072 -0.000160  0.000234  0.000029 -0.000051 -0.000175
Row    8    0.000402  0.000267  0.000114 -0.000380  0.000078  0.000046 -0.000404  0.003436 -0.000262  0.000372 -0.000149  0.000068  0.000010 -0.000299  0.000034
Row    9    0.000034  0.000025  0.000055  0.000283 -0.000042 -0.000053 -0.000077 -0.000262  0.003512 -0.000303  0.000092 -0.000009  0.000062  0.000187 -0.000171
Row   10    0.000382 -0.000167  0.000511 -0.000408 -0.000054  0.000006  0.000072  0.000372 -0.000303  0.003459  0.000049 -0.000484 -0.000172 -0.000201  0.000270
Row   11   -0.000193  0.000152 -0.000368  0.000118  0.000028  0.000198 -0.000160 -0.000149  0.000092  0.000049  0.003404  0.000204  0.000186 -0.000102 -0.000126
Row   12    0.000376 -0.000225  0.000844  0.000054 -0.000246 -0.000190  0.000234  0.000068 -0.000009 -0.000484  0.000204  0.002612 -0.000180  0.000199  0.000075
Row   13    0.000371 -0.000207 -0.000489  0.000044 -0.000129  0.000136  0.000029  0.000010  0.000062 -0.000172  0.000186 -0.000180  0.003061  0.000140  0.000471
Row   14   -0.000185  0.000284  0.000186  0.000298 -0.000077 -0.000198 -0.000051 -0.000299  0.000187 -0.000201 -0.000102  0.000199  0.000140  0.003527 -0.000374
Row   15   -0.000402  0.000227  0.000811 -0.000164  0.000238 -0.000037 -0.000175  0.000034 -0.000171  0.000270 -0.000126  0.000075  0.000471 -0.000374  0.002655

***** Geometry optimization cycle number  10 ******

Predicted structure change p_k = -M_k grad V(r_k)
C     -0.000026      0.000007     -0.000012
H     -0.000026      0.000070      0.000060
H     -0.000081     -0.000010     -0.000046
H      0.000082      0.000014      0.000052
H      0.000052     -0.000081     -0.000055
    Line search: alpha and energy:     0.800000     0.000054
New structure r_k+1 = r_k + s_k = r_k + alpha_k p_k
C      0.017308      1.095792      0.068008
H      0.105384     -0.010648      0.056485
H      1.030184      1.547099      0.118430
H     -0.493727      1.435881     -0.856833
H     -0.572648      1.410875      0.953909
Energy before update and after:     0.00006505     0.00005382 And GRMS:      0.0084207
New gradient g_k+1:
C      0.007138     -0.016460      0.004972
H      0.000172      0.000613     -0.006962
H      0.011075      0.004980      0.004301
H     -0.011000      0.000688     -0.011641
H     -0.007385      0.010179      0.009330
Updated guess for the Inverse Hessian (equation 12)
Row    1    0.001515  0.000036  0.000011  0.000074 -0.000062 -0.000036  0.001001  0.000403  0.000047  0.000372 -0.000209  0.000381  0.000371 -0.000167 -0.000403
Row    2    0.000036  0.001519  0.000048 -0.000070  0.001132 -0.000059  0.000370  0.000264  0.000010 -0.000143  0.000160 -0.000212 -0.000194  0.000259  0.000213
Row    3    0.000011  0.000048  0.001570 -0.000118  0.000006  0.000038  0.000112  0.000116  0.000068  0.000493 -0.000378  0.000837 -0.000498  0.000208  0.000820
Row    4    0.000074 -0.000070 -0.000118  0.003738  0.000036 -0.000069 -0.000112 -0.000380  0.000293 -0.000413  0.000102  0.000061  0.000046  0.000311 -0.000168
Row    5   -0.000062  0.001132  0.000006  0.000036  0.002147  0.000067  0.000235  0.000080 -0.000057 -0.000060  0.000065 -0.000279 -0.000149 -0.000091  0.000264
Row    6   -0.000036 -0.000059  0.000038 -0.000069  0.000067  0.003642 -0.000146  0.000038 -0.000111  0.000081  0.000244 -0.000167  0.000170 -0.000290 -0.000068
Row    7    0.001001  0.000370  0.000112 -0.000112  0.000235 -0.000146  0.002380 -0.000401 -0.000036  0.000038 -0.000210  0.000246  0.000026  0.000006 -0.000177
Row    8    0.000403  0.000264  0.000116 -0.000380  0.000080  0.000038 -0.000401  0.003436 -0.000257  0.000368 -0.000155  0.000069  0.000010 -0.000292  0.000034
Row    9    0.000047  0.000010  0.000068  0.000293 -0.000057 -0.000111 -0.000036 -0.000257  0.003549 -0.000348  0.000059 -0.000018  0.000044  0.000246 -0.000154
Row   10    0.000372 -0.000143  0.000493 -0.000413 -0.000060  0.000081  0.000038  0.000368 -0.000348  0.003501  0.000101 -0.000491 -0.000164 -0.000266  0.000266
Row   11   -0.000209  0.000160 -0.000378  0.000102  0.000065  0.000244 -0.000210 -0.000155  0.000059  0.000101  0.003420  0.000231  0.000216 -0.000157 -0.000156
Row   12    0.000381 -0.000212  0.000837  0.000061 -0.000279 -0.000167  0.000246  0.000069 -0.000018 -0.000491  0.000231  0.002586 -0.000197  0.000191  0.000096
Row   13    0.000371 -0.000194 -0.000498  0.000046 -0.000149  0.000170  0.000026  0.000010  0.000044 -0.000164  0.000216 -0.000197  0.003054  0.000117  0.000481
Row   14   -0.000167  0.000259  0.000208  0.000311 -0.000091 -0.000290  0.000006 -0.000292  0.000246 -0.000266 -0.000157  0.000191  0.000117  0.003615 -0.000355
Row   15   -0.000403  0.000213  0.000820 -0.000168  0.000264 -0.000068 -0.000177  0.000034 -0.000154  0.000266 -0.000156  0.000096  0.000481 -0.000355  0.002640

***** Geometry optimization cycle number  11 ******

Predicted structure change p_k = -M_k grad V(r_k)
C     -0.000007      0.000008     -0.000007
H     -0.000006      0.000009      0.000030
H     -0.000022     -0.000003     -0.000020
H      0.000024      0.000017      0.000006
H      0.000010     -0.000030     -0.000009
    Line search: alpha and energy:     0.800000     0.000053
New structure r_k+1 = r_k + s_k = r_k + alpha_k p_k
C      0.017302      1.095798      0.068002
H      0.105379     -0.010640      0.056509
H      1.030167      1.547097      0.118415
H     -0.493708      1.435894     -0.856828
H     -0.572640      1.410851      0.953902
Energy before update and after:     0.00005382     0.00005305 And GRMS:      0.0019353
New gradient g_k+1:
C      0.001700     -0.003976      0.001570
H     -0.000154      0.001303     -0.002527
H      0.001757      0.000869      0.001662
H     -0.002519     -0.000911     -0.001917
H     -0.000784      0.002714      0.001212
Updated guess for the Inverse Hessian (equation 12)
Row    1    0.001520  0.000034  0.000017  0.000077 -0.000059 -0.000070  0.001007  0.000400  0.000072  0.000354 -0.000237  0.000387  0.000375 -0.000139 -0.000406
Row    2    0.000034  0.001518  0.000045 -0.000070  0.001124 -0.000034  0.000373  0.000267 -0.000009 -0.000134  0.000183 -0.000222 -0.000203  0.000240  0.000221
Row    3    0.000017  0.000045  0.001577 -0.000115  0.000008 -0.000000  0.000121  0.000114  0.000096  0.000472 -0.000407  0.000843 -0.000495  0.000240  0.000818
