The input file has: 5 atoms
Atoms and coordinates (in Å):
C     -0.012700      1.085800      0.008000
H      0.202100     -0.004100      0.102000
H      1.009900      1.463100      0.200300
H     -0.589900      1.496900     -0.875100
H     -0.522900      1.437300      0.904800
Number of coordinates:
Stretching:      4 Bending:      6 Torsion:      0
Internal:     10 Cartesian:     15 
Potential energy at input structure:
    5.106778 kcal/mol
Stretch, Bend, Torsion, VDW components of potential energy:
    0.325222     4.781556     0.000000     0.000000
Geometry optimization gradient RMS threshold:     0.00100000
Initial potential energy:
    5.106778
Wilson B Matrix at the initial structure:  10 rows of  15 elements
   1:   -0.19267     0.97763    -0.08432     0.19267    -0.97763     0.08432     0.00000     0.00000     0.00000     0.00000     0.00000     0.00000     0.00000     0.00000     0.00000 
   2:   -0.92391    -0.34089    -0.17374     0.00000     0.00000     0.00000     0.92391     0.34089     0.17374     0.00000     0.00000     0.00000     0.00000     0.00000     0.00000 
   3:    0.50977    -0.36308     0.77994     0.00000     0.00000     0.00000     0.00000     0.00000     0.00000    -0.50977     0.36308    -0.77994     0.00000     0.00000     0.00000 
   4:    0.46807    -0.32248    -0.82275     0.00000     0.00000     0.00000     0.00000     0.00000     0.00000     0.00000     0.00000     0.00000    -0.46807     0.32248     0.82275 
   5:    1.15597    -0.66410     0.26739    -0.86160    -0.18431    -0.16815    -0.29437     0.84841    -0.09924     0.00000     0.00000     0.00000     0.00000     0.00000     0.00000 
   6:   -0.50426    -0.96679    -1.10357     0.43001     0.15137     0.77251     0.00000     0.00000     0.00000     0.07425     0.81541     0.33106     0.00000     0.00000     0.00000 
   7:   -0.34967    -0.85253     1.16204     0.38412     0.00579    -0.81057     0.00000     0.00000     0.00000     0.00000     0.00000     0.00000    -0.03445     0.84673    -0.35147 
   8:    0.61777     1.06485    -0.92257     0.00000     0.00000     0.00000     0.06580    -0.54433     0.71810    -0.68357    -0.52052     0.20447     0.00000     0.00000     0.00000 
   9:    0.50573     0.72431     1.08411     0.00000     0.00000     0.00000     0.27750    -0.35239    -0.78429     0.00000     0.00000     0.00000    -0.78324    -0.37192    -0.29982 
  10:   -1.18203     0.82885     0.03128     0.00000     0.00000     0.00000     0.00000     0.00000     0.00000     0.56579    -0.39293    -0.55272     0.61624    -0.43592     0.52144 
G matrix, the product of B with its own transpose (square, dimension  10)
   1:    2.00000    -0.14060    -0.51894    -0.33608    -0.89452    -0.75496    -0.86407     0.99980     0.51926     1.03542 
   2:   -0.14060     2.00000    -0.48272    -0.17958    -0.88808     0.98719     0.41178    -0.77347    -0.90251     0.80411 
   3:   -0.51894    -0.48272     2.00000    -0.28600     1.03895    -0.76676     1.03760    -0.79125     0.84037    -0.87911 
   4:   -0.33608    -0.17958    -0.28600     2.00000     0.53524     0.98370    -0.84482     0.70482    -0.88880    -0.84629 
   5:   -0.89452    -0.88808     1.03895     0.53524     3.46968    -0.76424     0.27694    -0.79218     0.09064    -1.90846 
   6:   -0.75496     0.98719    -0.76676     0.98370    -0.76424     3.99144    -0.74198    -0.73038    -2.15167    -0.70116 
   7:   -0.86407     0.41178     1.03760    -0.84482     0.27694    -0.74198     3.84568    -2.19589     0.28290    -0.83056 
   8:    0.99980    -0.77347    -0.79125     0.70482    -0.79218    -0.73038    -2.19589     3.96300    -0.26958    -0.17172 
   9:    0.51926    -0.90251     0.84037    -0.88880     0.09064    -2.15167     0.28290    -0.26958     3.61365    -0.44042 
  10:    1.03542     0.80411    -0.87911    -0.84629    -1.90846    -0.70116    -0.83056    -0.17172    -0.44042     3.70685 

Eigenvalues of G:
    0.00000    1.00000    1.06816    1.11855    1.22473    2.27518    2.50753    6.06427    7.07372    8.25817
Inverse G Matrix (square matrix with dimension  10) at the initial structure:
   1:    0.79868    0.02838    0.10445    0.06761    0.10144    0.09747    0.09597   -0.10663   -0.08901   -0.11239
   2:    0.02838    0.79907    0.09646    0.03668    0.12346   -0.11240   -0.09300    0.11702    0.11472   -0.10950
   3:    0.10445    0.09646    0.79966    0.05696   -0.10442    0.07852   -0.09722    0.07932   -0.08963    0.08488
   4:    0.06761    0.03668    0.05696    0.79907   -0.10321   -0.11357    0.11719   -0.10371    0.11661    0.12978
   5:    0.10144    0.12346   -0.10442   -0.10321    0.30977   -0.06480   -0.09136   -0.05305   -0.06897   -0.03506
   6:    0.09747   -0.11240    0.07852   -0.11357   -0.06480    0.23283   -0.06387   -0.06922   -0.00053   -0.07348
   7:    0.09597   -0.09300   -0.09722    0.11719   -0.09136   -0.06387    0.30287    0.00859   -0.08394   -0.04764
   8:   -0.10663    0.11702    0.07932   -0.10371   -0.05305   -0.06922    0.00859    0.26601   -0.06814   -0.08388
   9:   -0.08901    0.11472   -0.08963    0.11661   -0.06897   -0.00053   -0.08394   -0.06814    0.33436   -0.05147
  10:   -0.11239   -0.10950    0.08488    0.12978   -0.03506   -0.07348   -0.04764   -0.08388   -0.05147    0.27007
Initial gradient in terms of the internal coordinates (kcal/mol/Angstrom or kcal/mol/radian):
    3.384491    -2.227636    15.586931   -13.997903   -14.275721    13.982648    -0.131712    11.103204   -11.451121    -3.876010 
Initial guess for the inverse Hessian M in internal coordinates:
   1:    0.00167    0.00000    0.00000    0.00000    0.00000    0.00000    0.00000    0.00000    0.00000    0.00000
   2:    0.00000    0.00167    0.00000    0.00000    0.00000    0.00000    0.00000    0.00000    0.00000    0.00000
   3:    0.00000    0.00000    0.00167    0.00000    0.00000    0.00000    0.00000    0.00000    0.00000    0.00000
   4:    0.00000    0.00000    0.00000    0.00167    0.00000    0.00000    0.00000    0.00000    0.00000    0.00000
   5:    0.00000    0.00000    0.00000    0.00000    0.00667    0.00000    0.00000    0.00000    0.00000    0.00000
   6:    0.00000    0.00000    0.00000    0.00000    0.00000    0.00667    0.00000    0.00000    0.00000    0.00000
   7:    0.00000    0.00000    0.00000    0.00000    0.00000    0.00000    0.00667    0.00000    0.00000    0.00000
   8:    0.00000    0.00000    0.00000    0.00000    0.00000    0.00000    0.00000    0.00667    0.00000    0.00000
   9:    0.00000    0.00000    0.00000    0.00000    0.00000    0.00000    0.00000    0.00000    0.00667    0.00000
  10:    0.00000    0.00000    0.00000    0.00000    0.00000    0.00000    0.00000    0.00000    0.00000    0.00667

##################################
# Start of Geometry Optimization #
##################################

Reminder: maximum step size is    0.020

*** Optimization Cycle   1 ***

Predicted update step in internal coordinates s_k (prior to possible scaling):
   -0.005641     0.003713    -0.025978     0.023330     0.095171    -0.093218     0.000878    -0.074021     0.076341     0.025840 
Predicted step is too long: RMS length:     0.055666
Scaled update step in internal coordinates s_k:
   -0.002027     0.001334    -0.009334     0.008382     0.034194    -0.033492     0.000315    -0.026595     0.027428     0.009284 

    %% Iterative determination of optimal Cartesian coordinates:  %%
    tolerated diff for Cartsian coordinates:   0.00001000
Initially predicted dx = BTG-sk:
    0.0043    0.0019    0.0080   -0.0164   -0.0015   -0.0088    0.0055    0.0148   -0.0155    0.0178   -0.0116    0.0048   -0.0113   -0.0036    0.0115
  Cartesian fitting iteration number   1 
current set of internals q_(k+1)^(j+1):
    1.1131    1.1085    1.1231    1.0985    1.7458    2.0828    1.9135    2.0478    1.7787    1.8702
difference between these internals and the desired internals, s_q,k^j+1:
   -0.0003   -0.0003   -0.0001   -0.0001    0.0003    0.0001    0.0004    0.0001    0.0001   -0.0001
Corresponding Cartesians x+k+1^j:
   -0.0083    1.0877    0.0160    0.1857   -0.0054    0.0931    1.0151    1.4778    0.1848   -0.5720    1.4852   -0.8701   -0.5341    1.4338    0.9161
Maximum change in x from previous iteration     0.000237
  Cartesian fitting iteration number   2 
current set of internals q_(k+1)^(j+1):
    1.1128    1.1082    1.1229    1.0984    1.7459    2.0828    1.9137    2.0478    1.7787    1.8700
difference between these internals and the desired internals, s_q,k^j+1:
   -0.0000   -0.0000    0.0000   -0.0000    0.0001    0.0002    0.0001    0.0001    0.0001    0.0001
Corresponding Cartesians x+k+1^j:
   -0.0083    1.0877    0.0160    0.1857   -0.0054    0.0931    1.0151    1.4778    0.1848   -0.5720    1.4852   -0.8701   -0.5341    1.4338    0.9161
Maximum change in x from previous iteration     0.000005
  fitting of Cartesian coordinates considered converged.

New coordinates:
      C    -0.008272     1.087655     0.016043
      H     0.185725    -0.005400     0.093103
      H     1.015125     1.477754     0.184810
      H    -0.571966     1.485191    -0.870069
      H    -0.534112     1.433800     0.916113
New set of internals q (note these are the ones that correspond to the best fit Cartesians):
    1.1128    1.1082    1.1229    1.0984    1.7459    2.0828    1.9137    2.0478    1.7787    1.8700
Wilson B Matrix at the new structure:
   1:   -0.17433     0.98225    -0.06925     0.17433    -0.98225     0.06925     0.00000     0.00000     0.00000     0.00000     0.00000     0.00000     0.00000     0.00000     0.00000 
   2:   -0.92352    -0.35203    -0.15230     0.00000     0.00000     0.00000     0.92352     0.35203     0.15230     0.00000     0.00000     0.00000     0.00000     0.00000     0.00000 
   3:    0.50198    -0.35402     0.78910     0.00000     0.00000     0.00000     0.00000     0.00000     0.00000    -0.50198     0.35402    -0.78910     0.00000     0.00000     0.00000 
   4:    0.47874    -0.31514    -0.81945     0.00000     0.00000     0.00000     0.00000     0.00000     0.00000     0.00000     0.00000     0.00000    -0.47874     0.31514     0.81945 
   5:    1.17773    -0.67887     0.23777    -0.87051    -0.16507    -0.14999    -0.30722     0.84395    -0.08778     0.00000     0.00000     0.00000     0.00000     0.00000     0.00000 
   6:   -0.50253    -0.95730    -1.10258     0.42941     0.13109     0.77843     0.00000     0.00000     0.00000     0.07312     0.82621     0.32414     0.00000     0.00000     0.00000 
   7:   -0.38797    -0.86157     1.13745     0.40087     0.01446    -0.80413     0.00000     0.00000     0.00000     0.00000     0.00000     0.00000    -0.01291     0.84712    -0.33332 
   8:    0.61553     1.03962    -0.94107     0.00000     0.00000     0.00000     0.07919    -0.52380     0.73055    -0.69472    -0.51582     0.21053     0.00000     0.00000     0.00000 
   9:    0.50162     0.74571     1.08380     0.00000     0.00000     0.00000     0.26574    -0.35765    -0.78473     0.00000     0.00000     0.00000    -0.76736    -0.38806    -0.29907 
  10:   -1.19674     0.81672     0.02521     0.00000     0.00000     0.00000     0.00000     0.00000     0.00000     0.58403    -0.39093    -0.54691     0.61271    -0.42579     0.52170 
Inverse G Matrix at the new structure:
   1:    0.79901    0.03506    0.09846    0.06755    0.10264    0.09895    0.09790   -0.10641   -0.09190   -0.11142
   2:    0.03506    0.79929    0.09176    0.04185    0.12038   -0.11137   -0.09498    0.11476    0.11381   -0.10899
   3:    0.09846    0.09176    0.79976    0.05877   -0.10488    0.08243   -0.09877    0.08276   -0.09270    0.08775
   4:    0.06755    0.04185    0.05877    0.79930   -0.10315   -0.11206    0.11500   -0.10387    0.11505    0.12469
   5:    0.10264    0.12038   -0.10488   -0.10315    0.30445   -0.06453   -0.08675   -0.05554   -0.06993   -0.02980
   6:    0.09895   -0.11137    0.08243   -0.11206   -0.06453    0.23873   -0.06451   -0.06963   -0.00160   -0.07219
   7:    0.09790   -0.09498   -0.09877    0.11500   -0.08675   -0.06451    0.29975    0.00658   -0.08111   -0.05195
   8:   -0.10641    0.11476    0.08276   -0.10387   -0.05554   -0.06963    0.00658    0.26639   -0.06757   -0.08089
   9:   -0.09190    0.11381   -0.09270    0.11505   -0.06993   -0.00160   -0.08111   -0.06757    0.32697   -0.05572
  10:   -0.11142   -0.10899    0.08775    0.12469   -0.02980   -0.07219   -0.05195   -0.08089   -0.05572    0.27020
Gradient in terms of the internal coordinates:
    1.965738   -1.293958    9.053418   -8.130507  -11.789074   11.754145   -0.027042    9.337072   -9.462348   -3.123228
Old and new energies:      5.10678      3.42347 And GRMS:      10.7071

Updated apprxoimate inverse Hessian M in internal coordinates:
   1:   0.001660   0.000005  -0.000032   0.000029  -0.000004   0.000012   0.000003   0.000010  -0.000004   0.000002
   2:   0.000005   0.001664   0.000021  -0.000019   0.000003  -0.000008  -0.000002  -0.000006   0.000002  -0.000001
   3:  -0.000032   0.000021   0.001517   0.000134  -0.000019   0.000056   0.000015   0.000045  -0.000016   0.000009
   4:   0.000029  -0.000019   0.000134   0.001546   0.000017  -0.000050  -0.000013  -0.000041   0.000015  -0.000008
   5:  -0.000004   0.000003  -0.000019   0.000017   0.008799  -0.002242  -0.000042  -0.001784   0.001714   0.000521
   6:   0.000012  -0.000008   0.000056  -0.000050  -0.002242   0.009016   0.000040   0.001869  -0.001802  -0.000551
   7:   0.000003  -0.000002   0.000015  -0.000013  -0.000042   0.000040   0.006666   0.000032  -0.000033  -0.000011
   8:   0.000010  -0.000006   0.000045  -0.000041  -0.001784   0.001869   0.000032   0.008153  -0.001434  -0.000439
   9:  -0.000004   0.000002  -0.000016   0.000015   0.001714  -0.001802  -0.000033  -0.001434   0.008044   0.000419
  10:   0.000002  -0.000001   0.000009  -0.000008   0.000521  -0.000551  -0.000011  -0.000439   0.000419   0.006793

*** Optimization Cycle   2 ***

Predicted update step in internal coordinates s_k (prior to possible scaling):
   -0.003036     0.001999    -0.013983     0.012558     0.164924    -0.169578    -0.001684    -0.134823     0.132475     0.041760 
Predicted step is too long: RMS length:     0.096849
Scaled update step in internal coordinates s_k:
   -0.000627     0.000413    -0.002888     0.002593     0.034058    -0.035019    -0.000348    -0.027842     0.027357     0.008624 

    %% Iterative determination of optimal Cartesian coordinates:  %%
    tolerated diff for Cartsian coordinates:   0.00001000
Initially predicted dx = BTG-sk:
    0.0048    0.0021    0.0103   -0.0162   -0.0022   -0.0070    0.0045    0.0147   -0.0140    0.0152   -0.0094    0.0022   -0.0083   -0.0051    0.0086
  Cartesian fitting iteration number   1 
current set of internals q_(k+1)^(j+1):
    1.1125    1.1089    1.1202    1.1011    1.7801    2.0483    1.9134    2.0204    1.8064    1.8791
difference between these internals and the desired internals, s_q,k^j+1:
   -0.0003   -0.0003   -0.0001   -0.0001   -0.0002   -0.0006   -0.0000   -0.0004   -0.0004   -0.0005
Corresponding Cartesians x+k+1^j:
   -0.0034    1.0897    0.0264    0.1695   -0.0074    0.0859    1.0193    1.4924    0.1708   -0.5566    1.4756   -0.8677   -0.5423    1.4288    0.9246
Maximum change in x from previous iteration     0.000274
  Cartesian fitting iteration number   2 
current set of internals q_(k+1)^(j+1):
    1.1122    1.1086    1.1200    1.1010    1.7803    2.0481    1.9137    2.0203    1.8063    1.8790
difference between these internals and the desired internals, s_q,k^j+1:
   -0.0000   -0.0000    0.0000    0.0000   -0.0003   -0.0004   -0.0003   -0.0003   -0.0003   -0.0004
Corresponding Cartesians x+k+1^j:
   -0.0034    1.0897    0.0264    0.1695   -0.0074    0.0859    1.0193    1.4924    0.1708   -0.5566    1.4756   -0.8677   -0.5423    1.4288    0.9246
Maximum change in x from previous iteration     0.000005
  fitting of Cartesian coordinates considered converged.

New coordinates:
      C    -0.003370     1.089653     0.026386
      H     0.169492    -0.007398     0.085916
      H     1.019301     1.492382     0.170842
      H    -0.556650     1.475606    -0.867720
      H    -0.542273     1.428757     0.924576
New set of internals q (note these are the ones that correspond to the best fit Cartesians):
    1.1122    1.1086    1.1200    1.1010    1.7803    2.0481    1.9137    2.0203    1.8063    1.8790
Wilson B Matrix at the new structure:
   1:   -0.15543     0.98640    -0.05353     0.15543    -0.98640     0.05353     0.00000     0.00000     0.00000     0.00000     0.00000     0.00000     0.00000     0.00000     0.00000 
   2:   -0.92252    -0.36329    -0.13031     0.00000     0.00000     0.00000     0.92252     0.36329     0.13031     0.00000     0.00000     0.00000     0.00000     0.00000     0.00000 
   3:    0.49398    -0.34459     0.79828     0.00000     0.00000     0.00000     0.00000     0.00000     0.00000    -0.49398     0.34459    -0.79828     0.00000     0.00000     0.00000 
   4:    0.48948    -0.30800    -0.81581     0.00000     0.00000     0.00000     0.00000     0.00000     0.00000     0.00000     0.00000     0.00000    -0.48948     0.30800     0.81581 
   5:    1.19802    -0.69465     0.20438    -0.87773    -0.14536    -0.13002    -0.32029     0.84001    -0.07436     0.00000     0.00000     0.00000     0.00000     0.00000     0.00000 
   6:   -0.49965    -0.94228    -1.09801     0.42776     0.10990     0.78319     0.00000     0.00000     0.00000     0.07188     0.83237     0.31483     0.00000     0.00000     0.00000 
   7:   -0.42624    -0.87401     1.11221     0.41742     0.02258    -0.79605     0.00000     0.00000     0.00000     0.00000     0.00000     0.00000     0.00882     0.85144    -0.31616 
   8:    0.60846     1.01181    -0.95751     0.00000     0.00000     0.00000     0.09325    -0.50324     0.74282    -0.70171    -0.50857     0.21469     0.00000     0.00000     0.00000 
   9:    0.50063     0.77084     1.08455     0.00000     0.00000     0.00000     0.25438    -0.36437    -0.78502     0.00000     0.00000     0.00000    -0.75501    -0.40647    -0.29954 
  10:   -1.21138     0.80402     0.01247     0.00000     0.00000     0.00000     0.00000     0.00000     0.00000     0.59901    -0.38652    -0.53752     0.61237    -0.41751     0.52504 
Inverse G Matrix at the new structure:
   1:    0.79936    0.04175    0.09218    0.06744    0.10359    0.10067    0.09943   -0.10622   -0.09466   -0.11032
   2:    0.04175    0.79953    0.08686    0.04704    0.11729   -0.11035   -0.09698    0.11284    0.11228   -0.10840
   3:    0.09218    0.08686    0.79986    0.06056   -0.10515    0.08660   -0.10011    0.08651   -0.09549    0.09056
   4:    0.06744    0.04704    0.06056    0.79954   -0.10330   -0.11077    0.11296   -0.10423    0.11326    0.12030
   5:    0.10359    0.11729   -0.10515   -0.10330    0.29933   -0.06471   -0.08242   -0.05791   -0.07037   -0.02478
   6:    0.10067   -0.11035    0.08660   -0.11077   -0.06471    0.24676   -0.06539   -0.07041   -0.00267   -0.07159
   7:    0.09943   -0.09698   -0.10011    0.11296   -0.08242   -0.06539    0.29553    0.00422   -0.07777   -0.05537
   8:   -0.10622    0.11284    0.08651   -0.10423   -0.05791   -0.07041    0.00422    0.26850   -0.06729   -0.07855
   9:   -0.09466    0.11228   -0.09549    0.11326   -0.07037   -0.00267   -0.07777   -0.06729    0.31731   -0.05890
  10:   -0.11032   -0.10840    0.09056    0.12030   -0.02478   -0.07159   -0.05537   -0.07855   -0.05890    0.27116
Gradient in terms of the internal coordinates:
    1.526743   -1.005130    7.031996   -6.315202   -9.292694    9.436466    0.051527    7.504064   -7.456434   -2.396663
Old and new energies:      3.42347      2.16026 And GRMS:       8.4930

Updated apprxoimate inverse Hessian M in internal coordinates:
   1:   0.001659   0.000005  -0.000033   0.000030   0.000001   0.000008   0.000004   0.000006   0.000001   0.000004
   2:   0.000005   0.001664   0.000022  -0.000020  -0.000001  -0.000005  -0.000002  -0.000004  -0.000000  -0.000002
   3:  -0.000033   0.000022   0.001513   0.000138   0.000005   0.000035   0.000016   0.000029   0.000003   0.000017
   4:   0.000030  -0.000020   0.000138   0.001543  -0.000005  -0.000032  -0.000015  -0.000026  -0.000003  -0.000015
   5:   0.000001  -0.000001   0.000005  -0.000005   0.008798  -0.002291  -0.000062  -0.001824   0.001713   0.000502
   6:   0.000008  -0.000005   0.000035  -0.000032  -0.002291   0.009115   0.000061   0.001950  -0.001841  -0.000545
   7:   0.000004  -0.000002   0.000016  -0.000015  -0.000062   0.000061   0.006666   0.000049  -0.000050  -0.000017
   8:   0.000006  -0.000004   0.000029  -0.000026  -0.001824   0.001950   0.000049   0.008219  -0.001466  -0.000434
   9:   0.000001  -0.000000   0.000003  -0.000003   0.001713  -0.001841  -0.000050  -0.001466   0.008043   0.000403
  10:   0.000004  -0.000002   0.000017  -0.000015   0.000502  -0.000545  -0.000017  -0.000434   0.000403   0.006783

*** Optimization Cycle   3 ***

Predicted update step in internal coordinates s_k (prior to possible scaling):
   -0.002199     0.001448    -0.010130     0.009097     0.130964    -0.137434    -0.002498    -0.109381     0.105182     0.032102 
Predicted step is too long: RMS length:     0.077651
Scaled update step in internal coordinates s_k:
   -0.000566     0.000373    -0.002609     0.002343     0.033732    -0.035398    -0.000643    -0.028173     0.027091     0.008268 

    %% Iterative determination of optimal Cartesian coordinates:  %%
    tolerated diff for Cartsian coordinates:   0.00001000
Initially predicted dx = BTG-sk:
    0.0050    0.0019    0.0105   -0.0162   -0.0018   -0.0072    0.0039    0.0145   -0.0139    0.0153   -0.0096    0.0024   -0.0079   -0.0050    0.0082
  Cartesian fitting iteration number   1 
current set of internals q_(k+1)^(j+1):
    1.1120    1.1093    1.1176    1.1034    1.8142    2.0133    1.9131    1.9926    1.8338    1.8878
difference between these internals and the desired internals, s_q,k^j+1:
   -0.0004   -0.0003   -0.0001   -0.0001   -0.0001   -0.0006   -0.0000   -0.0004   -0.0004   -0.0005
Corresponding Cartesians x+k+1^j:
    0.0017    1.0915    0.0369    0.1532   -0.0090    0.0785    1.0229    1.5068    0.1570   -0.5412    1.4658   -0.8652   -0.5501    1.4238    0.9327
Maximum change in x from previous iteration     0.000278
  Cartesian fitting iteration number   2 
current set of internals q_(k+1)^(j+1):
    1.1116    1.1089    1.1174    1.1033    1.8144    2.0131    1.9134    1.9925    1.8337    1.8876
difference between these internals and the desired internals, s_q,k^j+1:
   -0.0000   -0.0000   -0.0000    0.0000   -0.0004   -0.0004   -0.0003   -0.0004   -0.0003   -0.0004
Corresponding Cartesians x+k+1^j:
    0.0017    1.0915    0.0369    0.1532   -0.0089    0.0785    1.0229    1.5068    0.1570   -0.5412    1.4658   -0.8652   -0.5501    1.4238    0.9327
Maximum change in x from previous iteration     0.000005
  fitting of Cartesian coordinates considered converged.

New coordinates:
      C     0.001706     1.091506     0.036944
      H     0.153219    -0.008949     0.078528
      H     1.022902     1.506832     0.156961
      H    -0.541220     1.465829    -0.865153
      H    -0.550107     1.423782     0.932720
New set of internals q (note these are the ones that correspond to the best fit Cartesians):
    1.1116    1.1089    1.1174    1.1033    1.8144    2.0131    1.9134    1.9925    1.8337    1.8876
Wilson B Matrix at the new structure:
   1:   -0.13630     0.98996    -0.03741     0.13630    -0.98996     0.03741     0.00000     0.00000     0.00000     0.00000     0.00000     0.00000     0.00000     0.00000     0.00000 
   2:   -0.92088    -0.37453    -0.10823     0.00000     0.00000     0.00000     0.92088     0.37453     0.10823     0.00000     0.00000     0.00000     0.00000     0.00000     0.00000 
   3:    0.48587    -0.33498     0.80729     0.00000     0.00000     0.00000     0.00000     0.00000     0.00000    -0.48587     0.33498    -0.80729     0.00000     0.00000     0.00000 
   4:    0.50014    -0.30116    -0.81189     0.00000     0.00000     0.00000     0.00000     0.00000     0.00000     0.00000     0.00000     0.00000    -0.50014     0.30116     0.81189 
   5:    1.21713    -0.71010     0.16770    -0.88409    -0.12583    -0.10869    -0.33304     0.83593    -0.05902     0.00000     0.00000     0.00000     0.00000     0.00000     0.00000 
   6:   -0.49652    -0.92664    -1.09276     0.42555     0.08835     0.78763     0.00000     0.00000     0.00000     0.07097     0.83828     0.30513     0.00000     0.00000     0.00000 
   7:   -0.46447    -0.88525     1.08589     0.43395     0.02999    -0.78744     0.00000     0.00000     0.00000     0.00000     0.00000     0.00000     0.03052     0.85526    -0.29845 
   8:    0.60051     0.98445    -0.97208     0.00000     0.00000     0.00000     0.10765    -0.48261     0.75411    -0.70816    -0.50184     0.21797     0.00000     0.00000     0.00000 
   9:    0.49879     0.79715     1.08410     0.00000     0.00000     0.00000     0.24355    -0.37214    -0.78446     0.00000     0.00000     0.00000    -0.74234    -0.42500    -0.29964 
  10:   -1.22563     0.79092    -0.00100     0.00000     0.00000     0.00000     0.00000     0.00000     0.00000     0.61358    -0.38191    -0.52775     0.61205    -0.40901     0.52875 
Inverse G Matrix at the new structure:
   1:    0.79964    0.04833    0.08577    0.06729    0.10428    0.10214    0.10090   -0.10594   -0.09733   -0.10908
   2:    0.04833    0.79973    0.08183    0.05219    0.11413   -0.10916   -0.09896    0.11083    0.11055   -0.10768
   3:    0.08577    0.08183    0.79993    0.06225   -0.10527    0.09094   -0.10140    0.09060   -0.09814    0.09368
   4:    0.06729    0.05219    0.06225    0.79974   -0.10353   -0.10937    0.11089   -0.10451    0.11130    0.11605
   5:    0.10428    0.11413   -0.10527   -0.10353    0.29433   -0.06519   -0.07839   -0.06038   -0.07038   -0.01993
   6:    0.10214   -0.10916    0.09094   -0.10937   -0.06519    0.25510   -0.06624   -0.07076   -0.00375   -0.07094
   7:    0.10090   -0.09896   -0.10140    0.11089   -0.07839   -0.06624    0.29149    0.00166   -0.07479   -0.05874
   8:   -0.10594    0.11083    0.09060   -0.10451   -0.06038   -0.07076    0.00166    0.27100   -0.06727   -0.07616
   9:   -0.09733    0.11055   -0.09814    0.11130   -0.07038   -0.00375   -0.07479   -0.06727    0.30769   -0.06178
  10:   -0.10908   -0.10768    0.09368    0.11605   -0.01993   -0.07094   -0.05874   -0.07616   -0.06178    0.27272
Gradient in terms of the internal coordinates:
    1.130139   -0.744142    5.205630   -4.675048   -6.834121    7.070304    0.097782    5.632564   -5.476292   -1.712630
Old and new energies:      2.16026      1.18897 And GRMS:       6.2665

Updated apprxoimate inverse Hessian M in internal coordinates:
   1:   0.001659   0.000005  -0.000033   0.000030   0.000002   0.000007   0.000004   0.000006   0.000001   0.000004
   2:   0.000005   0.001664   0.000022  -0.000020  -0.000001  -0.000005  -0.000002  -0.000004  -0.000001  -0.000003
   3:  -0.000033   0.000022   0.001513   0.000138   0.000008   0.000034   0.000017   0.000028   0.000005   0.000018
   4:   0.000030  -0.000020   0.000138   0.001542  -0.000007  -0.000031  -0.000015  -0.000025  -0.000005  -0.000016
   5:   0.000002  -0.000001   0.000008  -0.000007   0.008782  -0.002287  -0.000069  -0.001824   0.001698   0.000493
   6:   0.000007  -0.000005   0.000034  -0.000031  -0.002287   0.009124   0.000069   0.001959  -0.001835  -0.000539
   7:   0.000004  -0.000002   0.000017  -0.000015  -0.000069   0.000069   0.006666   0.000055  -0.000056  -0.000019
   8:   0.000006  -0.000004   0.000028  -0.000025  -0.001824   0.001959   0.000055   0.008229  -0.001464  -0.000430
   9:   0.000001  -0.000001   0.000005  -0.000005   0.001698  -0.001835  -0.000056  -0.001464   0.008029   0.000395
  10:   0.000004  -0.000003   0.000018  -0.000016   0.000493  -0.000539  -0.000019  -0.000430   0.000395   0.006779

*** Optimization Cycle   4 ***

Predicted update step in internal coordinates s_k (prior to possible scaling):
   -0.001621     0.001067    -0.007467     0.006706     0.096537    -0.102496    -0.002420    -0.081699     0.077422     0.023202 
Predicted step is too long: RMS length:     0.057569
Scaled update step in internal coordinates s_k:
   -0.000563     0.000371    -0.002594     0.002330     0.033538    -0.035608    -0.000841    -0.028383     0.026897     0.008060 

    %% Iterative determination of optimal Cartesian coordinates:  %%
    tolerated diff for Cartsian coordinates:   0.00001000
Initially predicted dx = BTG-sk:
    0.0052    0.0018    0.0106   -0.0163   -0.0013   -0.0075    0.0033    0.0144   -0.0139    0.0156   -0.0099    0.0027   -0.0077   -0.0049    0.0080
  Cartesian fitting iteration number   1 
current set of internals q_(k+1)^(j+1):
    1.1114    1.1097    1.1150    1.1057    1.8479    1.9780    1.9125    1.9645    1.8609    1.8961
difference between these internals and the desired internals, s_q,k^j+1:
   -0.0004   -0.0003   -0.0001   -0.0001   -0.0000   -0.0005    0.0001   -0.0003   -0.0003   -0.0004
Corresponding Cartesians x+k+1^j:
    0.0070    1.0932    0.0476    0.1369   -0.0100    0.0709    1.0259    1.5211    0.1431   -0.5255    1.4558   -0.8622   -0.5577    1.4189    0.9407
Maximum change in x from previous iteration     0.000282
  Cartesian fitting iteration number   2 
current set of internals q_(k+1)^(j+1):
    1.1111    1.1093    1.1148    1.1057    1.8482    1.9778    1.9128    1.9644    1.8608    1.8959
difference between these internals and the desired internals, s_q,k^j+1:
   -0.0000   -0.0000   -0.0000    0.0000   -0.0002   -0.0003   -0.0002   -0.0002   -0.0002   -0.0003
Corresponding Cartesians x+k+1^j:
    0.0070    1.0932    0.0476    0.1369   -0.0100    0.0709    1.0259    1.5211    0.1431   -0.5255    1.4558   -0.8622   -0.5577    1.4189    0.9407
Maximum change in x from previous iteration     0.000005
  fitting of Cartesian coordinates considered converged.

New coordinates:
      C     0.006956     1.093186     0.047634
      H     0.136871    -0.009999     0.070863
      H     1.025934     1.521129     0.143084
      H    -0.525533     1.455762    -0.862239
      H    -0.557729     1.418921     0.940657
New set of internals q (note these are the ones that correspond to the best fit Cartesians):
    1.1111    1.1093    1.1148    1.1057    1.8482    1.9778    1.9128    1.9644    1.8608    1.8959
Wilson B Matrix at the new structure:
   1:   -0.11693     0.99292    -0.02091     0.11693    -0.99292     0.02091     0.00000     0.00000     0.00000     0.00000     0.00000     0.00000     0.00000     0.00000     0.00000 
   2:   -0.91857    -0.38578    -0.08604     0.00000     0.00000     0.00000     0.91857     0.38578     0.08604     0.00000     0.00000     0.00000     0.00000     0.00000     0.00000 
   3:    0.47764    -0.32523     0.81614     0.00000     0.00000     0.00000     0.00000     0.00000     0.00000    -0.47764     0.32523    -0.81614     0.00000     0.00000     0.00000 
   4:    0.51073    -0.29461    -0.80769     0.00000     0.00000     0.00000     0.00000     0.00000     0.00000     0.00000     0.00000     0.00000    -0.51073     0.29461     0.80769 
   5:    1.23494    -0.72507     0.12756    -0.88958    -0.10657    -0.08588    -0.34536     0.83164    -0.04168     0.00000     0.00000     0.00000     0.00000     0.00000     0.00000 
   6:   -0.49323    -0.91057    -1.08693     0.42277     0.06646     0.79179     0.00000     0.00000     0.00000     0.07046     0.84411     0.29513     0.00000     0.00000     0.00000 
   7:   -0.50264    -0.89505     1.05846     0.45047     0.03666    -0.77834     0.00000     0.00000     0.00000     0.00000     0.00000     0.00000     0.05217     0.85839    -0.28011 
   8:    0.59189     0.95769    -0.98485     0.00000     0.00000     0.00000     0.12236    -0.46186     0.76443    -0.71425    -0.49582     0.22042     0.00000     0.00000     0.00000 
   9:    0.49581     0.82459     1.08223     0.00000     0.00000     0.00000     0.23333    -0.38095    -0.78299     0.00000     0.00000     0.00000    -0.72915    -0.44365    -0.29924 
  10:   -1.23946     0.77745    -0.01495     0.00000     0.00000     0.00000     0.00000     0.00000     0.00000     0.62787    -0.37721    -0.51777     0.61159    -0.40023     0.53272 
Inverse G Matrix at the new structure:
   1:    0.79984    0.05481    0.07924    0.06712    0.10469    0.10331    0.10230   -0.10557   -0.09992   -0.10768
   2:    0.05481    0.79988    0.07668    0.05729    0.11090   -0.10777   -0.10094    0.10874    0.10864   -0.10680
   3:    0.07924    0.07668    0.79997    0.06386   -0.10522    0.09549   -0.10263    0.09507   -0.10062    0.09713
   4:    0.06712    0.05729    0.06386    0.79988   -0.10383   -0.10785    0.10878   -0.10468    0.10916    0.11194
   5:    0.10469    0.11090   -0.10522   -0.10383    0.28945   -0.06599   -0.07465   -0.06301   -0.07001   -0.01522
   6:    0.10331   -0.10777    0.09549   -0.10785   -0.06599    0.26371   -0.06704   -0.07056   -0.00483   -0.07019
   7:    0.10230   -0.10094   -0.10263    0.10878   -0.07465   -0.06704    0.28762   -0.00110   -0.07220   -0.06212
   8:   -0.10557    0.10874    0.09507   -0.10468   -0.06301   -0.07056   -0.00110    0.27389   -0.06749   -0.07367
   9:   -0.09992    0.10864   -0.10062    0.10916   -0.07001   -0.00483   -0.07220   -0.06749    0.29819   -0.06437
  10:   -0.10768   -0.10680    0.09713    0.11194   -0.01522   -0.07019   -0.06212   -0.07367   -0.06437    0.27489
Gradient in terms of the internal coordinates:
    0.735860   -0.484642    3.389850   -3.044385   -4.415659    4.655774    0.106840    3.718621   -3.529127   -1.073236
Old and new energies:      1.18897      0.50553 And GRMS:       4.0577

Updated apprxoimate inverse Hessian M in internal coordinates:
   1:   0.001659   0.000005  -0.000033   0.000030   0.000002   0.000007   0.000004   0.000006   0.000001   0.000004
   2:   0.000005   0.001664   0.000022  -0.000020  -0.000001  -0.000005  -0.000002  -0.000004  -0.000001  -0.000003
   3:  -0.000033   0.000022   0.001513   0.000138   0.000008   0.000034   0.000017   0.000028   0.000006   0.000018
   4:   0.000030  -0.000020   0.000138   0.001542  -0.000008  -0.000031  -0.000016  -0.000025  -0.000006  -0.000016
   5:   0.000002  -0.000001   0.000008  -0.000008   0.008770  -0.002284  -0.000076  -0.001824   0.001684   0.000486
   6:   0.000007  -0.000005   0.000034  -0.000031  -0.002284   0.009130   0.000076   0.001967  -0.001828  -0.000534
   7:   0.000004  -0.000002   0.000017  -0.000016  -0.000076   0.000076   0.006667   0.000060  -0.000061  -0.000020
   8:   0.000006  -0.000004   0.000028  -0.000025  -0.001824   0.001967   0.000060   0.008237  -0.001460  -0.000427
   9:   0.000001  -0.000001   0.000006  -0.000006   0.001684  -0.001828  -0.000061  -0.001460   0.008015   0.000389
  10:   0.000004  -0.000003   0.000018  -0.000016   0.000486  -0.000534  -0.000020  -0.000427   0.000389   0.006777

*** Optimization Cycle   5 ***

Predicted update step in internal coordinates s_k (prior to possible scaling):
   -0.001054     0.000695    -0.004858     0.004363     0.062560    -0.067152    -0.001972    -0.053642     0.050045     0.014755 
Predicted step is too long: RMS length:     0.037511
Scaled update step in internal coordinates s_k:
   -0.000562     0.000370    -0.002590     0.002326     0.033355    -0.035804    -0.001051    -0.028600     0.026683     0.007867 

    %% Iterative determination of optimal Cartesian coordinates:  %%
    tolerated diff for Cartsian coordinates:   0.00001000
Initially predicted dx = BTG-sk:
    0.0053    0.0016    0.0108   -0.0164   -0.0008   -0.0078    0.0027    0.0142   -0.0139    0.0158   -0.0102    0.0031   -0.0075   -0.0048    0.0078
  Cartesian fitting iteration number   1 
current set of internals q_(k+1)^(j+1):
    1.1109    1.1100    1.1124    1.1081    1.8814    1.9423    1.9115    1.9360    1.8877    1.9041
difference between these internals and the desired internals, s_q,k^j+1:
   -0.0004   -0.0003   -0.0001   -0.0001    0.0002   -0.0003    0.0002   -0.0002   -0.0002   -0.0003
Corresponding Cartesians x+k+1^j:
    0.0124    1.0947    0.0585    0.1204   -0.0105    0.0629    1.0284    1.5353    0.1292   -0.5096    1.4454   -0.8590   -0.5651    1.4142    0.9484
Maximum change in x from previous iteration     0.000288
  Cartesian fitting iteration number   2 
current set of internals q_(k+1)^(j+1):
    1.1105    1.1097    1.1123    1.1080    1.8816    1.9421    1.9118    1.9359    1.8876    1.9039
difference between these internals and the desired internals, s_q,k^j+1:
   -0.0000   -0.0000    0.0000    0.0000   -0.0001   -0.0001   -0.0001   -0.0001   -0.0001   -0.0001
Corresponding Cartesians x+k+1^j:
    0.0124    1.0947    0.0585    0.1204   -0.0105    0.0629    1.0284    1.5353    0.1292   -0.5096    1.4454   -0.8590   -0.5651    1.4142    0.9484
Maximum change in x from previous iteration     0.000005
  fitting of Cartesian coordinates considered converged.

New coordinates:
      C     0.012392     1.094675     0.058453
      H     0.120427    -0.010537     0.062927
      H     1.028382     1.535294     0.129193
      H    -0.509562     1.445403    -0.858967
      H    -0.565139     1.414165     0.948395
New set of internals q (note these are the ones that correspond to the best fit Cartesians):
    1.1105    1.1097    1.1123    1.1080    1.8816    1.9421    1.9118    1.9359    1.8876    1.9039
Wilson B Matrix at the new structure:
   1:   -0.09729     0.99525    -0.00403     0.09729    -0.99525     0.00403     0.00000     0.00000     0.00000     0.00000     0.00000     0.00000     0.00000     0.00000     0.00000 
   2:   -0.91557    -0.39707    -0.06375     0.00000     0.00000     0.00000     0.91557     0.39707     0.06375     0.00000     0.00000     0.00000     0.00000     0.00000     0.00000 
   3:    0.46928    -0.31533     0.82483     0.00000     0.00000     0.00000     0.00000     0.00000     0.00000    -0.46928     0.31533    -0.82483     0.00000     0.00000     0.00000 
   4:    0.52125    -0.28835    -0.80321     0.00000     0.00000     0.00000     0.00000     0.00000     0.00000     0.00000     0.00000     0.00000    -0.52125     0.28835     0.80321 
   5:    1.25126    -0.73942     0.08373    -0.89412    -0.08765    -0.06146    -0.35714     0.82707    -0.02227     0.00000     0.00000     0.00000     0.00000     0.00000     0.00000 
   6:   -0.48978    -0.89407    -1.08050     0.41938     0.04422     0.79566     0.00000     0.00000     0.00000     0.07041     0.84985     0.28484     0.00000     0.00000     0.00000 
   7:   -0.54077    -0.90332     1.02992     0.46698     0.04253    -0.76878     0.00000     0.00000     0.00000     0.00000     0.00000     0.00000     0.07379     0.86079    -0.26114 
   8:    0.58262     0.93153    -0.99589     0.00000     0.00000     0.00000     0.13737    -0.44098     0.77379    -0.71998    -0.49055     0.22209     0.00000     0.00000     0.00000 
   9:    0.49156     0.85325     1.07880     0.00000     0.00000     0.00000     0.22382    -0.39078    -0.78057     0.00000     0.00000     0.00000    -0.71538    -0.46247    -0.29823 
  10:   -1.25284     0.76362    -0.02935     0.00000     0.00000     0.00000     0.00000     0.00000     0.00000     0.64188    -0.37242    -0.50757     0.61095    -0.39120     0.53692 
Inverse G Matrix at the new structure:
   1:    0.79996    0.06118    0.07258    0.06690    0.10481    0.10417    0.10361   -0.10511   -0.10246   -0.10613
   2:    0.06118    0.79997    0.07140    0.06233    0.10759   -0.10618   -0.10292    0.10658    0.10657   -0.10574
   3:    0.07258    0.07140    0.79999    0.06539   -0.10500    0.10027   -0.10376    0.09997   -0.10289    0.10097
   4:    0.06690    0.06233    0.06539    0.79997   -0.10422   -0.10620    0.10660   -0.10472    0.10684    0.10798
