The input file has: 8 atoms
Atoms and coordinates (in Å):
C     -0.756000      0.050000      0.000000
C      0.756000      0.000000      0.050000
H     -1.140400      0.658600      0.784500
H     -1.140400      0.350100     -0.962600
H     -1.140500     -1.008700      0.478100
H      1.140400     -0.350100      0.962600
H      1.140500      1.008700     -0.178100
H      1.140400     -0.658600     -0.784500
Number of coordinates:
Stretching:      7 Bending:     12 Torsion:      9
Internal:     28 Cartesian:     24 
Potential energy at input structure:
   10.992616 kcal/mol
Stretch, Bend, Torsion, VDW components of potential energy:
    7.060187     3.817312     0.294863    -0.179746
Geometry optimization gradient RMS threshold:     0.00100000
Gradient of the energy for initial structure (in kcal/mol/Angstrom
C     15.765592    100.580510    -63.822473
C     -4.981891     -8.437254     62.742611
H      5.897132    -33.348572    -14.414463
H     10.897117     -0.119104     19.989371
H    -21.644552    -60.794709     51.277924
H    -11.320955     11.843371    -38.938717
H     -1.939487     -5.444313     -4.268389
H      7.327045     -4.279929    -12.565863
Initial Guess for the Inverse Hessian
Row    1    0.003333  0.000000  0.000000  0.000000  0.000000  0.000000  0.000000  0.000000  0.000000  0.000000  0.000000  0.000000  0.000000  0.000000  0.000000  0.000000  0.000000  0.000000  0.000000  0.000000  0.000000  0.000000  0.000000  0.000000
Row    2    0.000000  0.003333  0.000000  0.000000  0.000000  0.000000  0.000000  0.000000  0.000000  0.000000  0.000000  0.000000  0.000000  0.000000  0.000000  0.000000  0.000000  0.000000  0.000000  0.000000  0.000000  0.000000  0.000000  0.000000
Row    3    0.000000  0.000000  0.003333  0.000000  0.000000  0.000000  0.000000  0.000000  0.000000  0.000000  0.000000  0.000000  0.000000  0.000000  0.000000  0.000000  0.000000  0.000000  0.000000  0.000000  0.000000  0.000000  0.000000  0.000000
Row    4    0.000000  0.000000  0.000000  0.003333  0.000000  0.000000  0.000000  0.000000  0.000000  0.000000  0.000000  0.000000  0.000000  0.000000  0.000000  0.000000  0.000000  0.000000  0.000000  0.000000  0.000000  0.000000  0.000000  0.000000
Row    5    0.000000  0.000000  0.000000  0.000000  0.003333  0.000000  0.000000  0.000000  0.000000  0.000000  0.000000  0.000000  0.000000  0.000000  0.000000  0.000000  0.000000  0.000000  0.000000  0.000000  0.000000  0.000000  0.000000  0.000000
Row    6    0.000000  0.000000  0.000000  0.000000  0.000000  0.003333  0.000000  0.000000  0.000000  0.000000  0.000000  0.000000  0.000000  0.000000  0.000000  0.000000  0.000000  0.000000  0.000000  0.000000  0.000000  0.000000  0.000000  0.000000
Row    7    0.000000  0.000000  0.000000  0.000000  0.000000  0.000000  0.003333  0.000000  0.000000  0.000000  0.000000  0.000000  0.000000  0.000000  0.000000  0.000000  0.000000  0.000000  0.000000  0.000000  0.000000  0.000000  0.000000  0.000000
Row    8    0.000000  0.000000  0.000000  0.000000  0.000000  0.000000  0.000000  0.003333  0.000000  0.000000  0.000000  0.000000  0.000000  0.000000  0.000000  0.000000  0.000000  0.000000  0.000000  0.000000  0.000000  0.000000  0.000000  0.000000
Row    9    0.000000  0.000000  0.000000  0.000000  0.000000  0.000000  0.000000  0.000000  0.003333  0.000000  0.000000  0.000000  0.000000  0.000000  0.000000  0.000000  0.000000  0.000000  0.000000  0.000000  0.000000  0.000000  0.000000  0.000000
Row   10    0.000000  0.000000  0.000000  0.000000  0.000000  0.000000  0.000000  0.000000  0.000000  0.003333  0.000000  0.000000  0.000000  0.000000  0.000000  0.000000  0.000000  0.000000  0.000000  0.000000  0.000000  0.000000  0.000000  0.000000
Row   11    0.000000  0.000000  0.000000  0.000000  0.000000  0.000000  0.000000  0.000000  0.000000  0.000000  0.003333  0.000000  0.000000  0.000000  0.000000  0.000000  0.000000  0.000000  0.000000  0.000000  0.000000  0.000000  0.000000  0.000000
Row   12    0.000000  0.000000  0.000000  0.000000  0.000000  0.000000  0.000000  0.000000  0.000000  0.000000  0.000000  0.003333  0.000000  0.000000  0.000000  0.000000  0.000000  0.000000  0.000000  0.000000  0.000000  0.000000  0.000000  0.000000
Row   13    0.000000  0.000000  0.000000  0.000000  0.000000  0.000000  0.000000  0.000000  0.000000  0.000000  0.000000  0.000000  0.003333  0.000000  0.000000  0.000000  0.000000  0.000000  0.000000  0.000000  0.000000  0.000000  0.000000  0.000000
Row   14    0.000000  0.000000  0.000000  0.000000  0.000000  0.000000  0.000000  0.000000  0.000000  0.000000  0.000000  0.000000  0.000000  0.003333  0.000000  0.000000  0.000000  0.000000  0.000000  0.000000  0.000000  0.000000  0.000000  0.000000
Row   15    0.000000  0.000000  0.000000  0.000000  0.000000  0.000000  0.000000  0.000000  0.000000  0.000000  0.000000  0.000000  0.000000  0.000000  0.003333  0.000000  0.000000  0.000000  0.000000  0.000000  0.000000  0.000000  0.000000  0.000000
Row   16    0.000000  0.000000  0.000000  0.000000  0.000000  0.000000  0.000000  0.000000  0.000000  0.000000  0.000000  0.000000  0.000000  0.000000  0.000000  0.003333  0.000000  0.000000  0.000000  0.000000  0.000000  0.000000  0.000000  0.000000
Row   17    0.000000  0.000000  0.000000  0.000000  0.000000  0.000000  0.000000  0.000000  0.000000  0.000000  0.000000  0.000000  0.000000  0.000000  0.000000  0.000000  0.003333  0.000000  0.000000  0.000000  0.000000  0.000000  0.000000  0.000000
Row   18    0.000000  0.000000  0.000000  0.000000  0.000000  0.000000  0.000000  0.000000  0.000000  0.000000  0.000000  0.000000  0.000000  0.000000  0.000000  0.000000  0.000000  0.003333  0.000000  0.000000  0.000000  0.000000  0.000000  0.000000
Row   19    0.000000  0.000000  0.000000  0.000000  0.000000  0.000000  0.000000  0.000000  0.000000  0.000000  0.000000  0.000000  0.000000  0.000000  0.000000  0.000000  0.000000  0.000000  0.003333  0.000000  0.000000  0.000000  0.000000  0.000000
Row   20    0.000000  0.000000  0.000000  0.000000  0.000000  0.000000  0.000000  0.000000  0.000000  0.000000  0.000000  0.000000  0.000000  0.000000  0.000000  0.000000  0.000000  0.000000  0.000000  0.003333  0.000000  0.000000  0.000000  0.000000
Row   21    0.000000  0.000000  0.000000  0.000000  0.000000  0.000000  0.000000  0.000000  0.000000  0.000000  0.000000  0.000000  0.000000  0.000000  0.000000  0.000000  0.000000  0.000000  0.000000  0.000000  0.003333  0.000000  0.000000  0.000000
Row   22    0.000000  0.000000  0.000000  0.000000  0.000000  0.000000  0.000000  0.000000  0.000000  0.000000  0.000000  0.000000  0.000000  0.000000  0.000000  0.000000  0.000000  0.000000  0.000000  0.000000  0.000000  0.003333  0.000000  0.000000
Row   23    0.000000  0.000000  0.000000  0.000000  0.000000  0.000000  0.000000  0.000000  0.000000  0.000000  0.000000  0.000000  0.000000  0.000000  0.000000  0.000000  0.000000  0.000000  0.000000  0.000000  0.000000  0.000000  0.003333  0.000000
Row   24    0.000000  0.000000  0.000000  0.000000  0.000000  0.000000  0.000000  0.000000  0.000000  0.000000  0.000000  0.000000  0.000000  0.000000  0.000000  0.000000  0.000000  0.000000  0.000000  0.000000  0.000000  0.000000  0.000000  0.003333

***** Geometry optimization cycle number   1 ******

Predicted structure change p_k = -M_k grad V(r_k)
C     -0.052552     -0.335268      0.212742
C      0.016606      0.028124     -0.209142
H     -0.019657      0.111162      0.048048
H     -0.036324      0.000397     -0.066631
H      0.072149      0.202649     -0.170926
H      0.037737     -0.039478      0.129796
H      0.006465      0.018148      0.014228
H     -0.024423      0.014266      0.041886
    Line search: alpha and energy:     0.800000   120.582143
    Line search: alpha and energy:     0.640000    68.315936
    Line search: alpha and energy:     0.512000    37.462884
    Line search: alpha and energy:     0.409600    19.810139
    Line search: alpha and energy:     0.327680    10.172317
    Line search: alpha and energy:     0.262144     5.318118
New structure r_k+1 = r_k + s_k = r_k + alpha_k p_k
C     -0.769776     -0.037889      0.055769
C      0.760353      0.007373     -0.004825
H     -1.145553      0.687740      0.797096
H     -1.149922      0.350204     -0.980067
H     -1.121587     -0.955577      0.433293
H      1.150292     -0.360449      0.996625
H      1.142195      1.013457     -0.174370
H      1.133998     -0.654860     -0.773520
Energy before update and after:    10.99261583     5.31811830 And GRMS:     23.3952571
New gradient g_k+1:
C     -4.526428    -66.915602     41.643797
C      1.503545     14.171374    -41.851462
H     -4.256590     -6.144623     -3.226113
H     -5.850714     26.488540    -34.977075
H     14.464665     41.678732      2.837267
H      5.064650     -7.053750     15.832455
H     -1.430225    -14.460041      4.272312
H     -4.968904     12.235370     15.468818
Updated guess for the Inverse Hessian (equation 12)
Row    1    0.003321 -0.000121  0.000076  0.000004  0.000020 -0.000075 -0.000007  0.000007  0.000003 -0.000011  0.000031 -0.000049  0.000026  0.000074 -0.000019  0.000011 -0.000013  0.000035 -0.000001 -0.000014  0.000007 -0.000009  0.000016  0.000023
Row    2   -0.000121  0.002284  0.000660  0.000039  0.000151 -0.000656 -0.000064  0.000140  0.000056 -0.000103  0.000195 -0.000368  0.000226  0.000644 -0.000264  0.000100 -0.000118  0.000332  0.000000 -0.000076  0.000055 -0.000077  0.000114  0.000183
Row    3    0.000076  0.000660  0.002918 -0.000024 -0.000095  0.000412  0.000040 -0.000087 -0.000035  0.000065 -0.000124  0.000232 -0.000142 -0.000405  0.000164 -0.000063  0.000074 -0.000209 -0.000000  0.000049 -0.000035  0.000049 -0.000072 -0.000116
Row    4    0.000004  0.000039 -0.000024  0.003332 -0.000006  0.000024  0.000002 -0.000003 -0.000001  0.000004 -0.000010  0.000016 -0.000008 -0.000024  0.000006 -0.000003  0.000004 -0.000011  0.000000  0.000004 -0.000002  0.000003 -0.000005 -0.000007
Row    5    0.000020  0.000151 -0.000095 -0.000006  0.003315  0.000094  0.000009 -0.000033 -0.000014  0.000015 -0.000016  0.000043 -0.000033 -0.000092  0.000054 -0.000015  0.000017 -0.000052 -0.000001  0.000003 -0.000007  0.000011 -0.000012 -0.000023
Row    6   -0.000075 -0.000656  0.000412  0.000024  0.000094  0.002924 -0.000040  0.000088  0.000035 -0.000065  0.000122 -0.000230  0.000141  0.000402 -0.000165  0.000062 -0.000073  0.000208  0.000000 -0.000047  0.000034 -0.000048  0.000071  0.000114
Row    7   -0.000007 -0.000064  0.000040  0.000002  0.000009 -0.000040  0.003329  0.000009  0.000004 -0.000006  0.000011 -0.000022  0.000014  0.000039 -0.000017  0.000006 -0.000007  0.000020  0.000000 -0.000004  0.000003 -0.000005  0.000007  0.000011
Row    8    0.000007  0.000140 -0.000087 -0.000003 -0.000033  0.000088  0.000009  0.003356  0.000011  0.000012 -0.000064  0.000081 -0.000030 -0.000088 -0.000019 -0.000010  0.000014 -0.000030  0.000004  0.000036 -0.000009  0.000010 -0.000029 -0.000035
Row    9    0.000003  0.000056 -0.000035 -0.000001 -0.000014  0.000035  0.000004  0.000011  0.003339  0.000005 -0.000028  0.000034 -0.000012 -0.000035 -0.000010 -0.000004  0.000006 -0.000011  0.000002  0.000016 -0.000004  0.000004 -0.000012 -0.000015
Row   10   -0.000011 -0.000103  0.000065  0.000004  0.000015 -0.000065 -0.000006  0.000012  0.000005  0.003323  0.000021 -0.000038  0.000022  0.000064 -0.000023  0.000010 -0.000012  0.000032 -0.000000 -0.000009  0.000006 -0.000008  0.000012  0.000019
Row   11    0.000031  0.000195 -0.000124 -0.000010 -0.000016  0.000122  0.000011 -0.000064 -0.000028  0.000021  0.003333  0.000039 -0.000042 -0.000118  0.000099 -0.000022  0.000023 -0.000076 -0.000004 -0.000010 -0.000008  0.000014 -0.000008 -0.000024
Row   12   -0.000049 -0.000368  0.000232  0.000016  0.000043 -0.000230 -0.000022  0.000081  0.000034 -0.000038  0.000039  0.003229  0.000079  0.000224 -0.000134  0.000038 -0.000042  0.000128  0.000003 -0.000006  0.000018 -0.000027  0.000029  0.000056
Row   13    0.000026  0.000226 -0.000142 -0.000008 -0.000033  0.000141  0.000014 -0.000030 -0.000012  0.000022 -0.000042  0.000079  0.003285 -0.000139  0.000057 -0.000022  0.000025 -0.000072 -0.000000  0.000016 -0.000012  0.000017 -0.000024 -0.000040
Row   14    0.000074  0.000644 -0.000405 -0.000024 -0.000092  0.000402  0.000039 -0.000088 -0.000035  0.000064 -0.000118  0.000224 -0.000139  0.002939  0.000164 -0.000061  0.000072 -0.000204 -0.000000  0.000045 -0.000034  0.000047 -0.000069 -0.000112
Row   15   -0.000019 -0.000264  0.000164  0.000006  0.000054 -0.000165 -0.000017 -0.000019 -0.000010 -0.000023  0.000099 -0.000134  0.000057  0.000164  0.003337  0.000020 -0.000028  0.000064 -0.000005 -0.000053  0.000017 -0.000020  0.000046  0.000060
Row   16    0.000011  0.000100 -0.000063 -0.000003 -0.000015  0.000062  0.000006 -0.000010 -0.000004  0.000010 -0.000022  0.000038 -0.000022 -0.000061  0.000020  0.003324  0.000011 -0.000030  0.000000  0.000010 -0.000005  0.000007 -0.000012 -0.000018
Row   17   -0.000013 -0.000118  0.000074  0.000004  0.000017 -0.000073 -0.000007  0.000014  0.000006 -0.000012  0.000023 -0.000042  0.000025  0.000072 -0.000028  0.000011  0.003320  0.000037 -0.000000 -0.000009  0.000006 -0.000009  0.000013  0.000021
Row   18    0.000035  0.000332 -0.000209 -0.000011 -0.000052  0.000208  0.000020 -0.000030 -0.000011  0.000032 -0.000076  0.000128 -0.000072 -0.000204  0.000064 -0.000030  0.000037  0.003233  0.000001  0.000033 -0.000018  0.000024 -0.000041 -0.000062
Row   19   -0.000001  0.000000 -0.000000  0.000000 -0.000001  0.000000  0.000000  0.000004  0.000002 -0.000000 -0.000004  0.000003 -0.000000 -0.000000 -0.000005  0.000000 -0.000000  0.000001  0.003334  0.000003 -0.000000  0.000000 -0.000001 -0.000001
Row   20   -0.000014 -0.000076  0.000049  0.000004  0.000003 -0.000047 -0.000004  0.000036  0.000016 -0.000009 -0.000010 -0.000006  0.000016  0.000045 -0.000053  0.000010 -0.000009  0.000033  0.000003  0.003345  0.000003 -0.000006 -0.000000  0.000007
Row   21    0.000007  0.000055 -0.000035 -0.000002 -0.000007  0.000034  0.000003 -0.000009 -0.000004  0.000006 -0.000008  0.000018 -0.000012 -0.000034  0.000017 -0.000005  0.000006 -0.000018 -0.000000  0.000003  0.003331  0.000004 -0.000005 -0.000009
Row   22   -0.000009 -0.000077  0.000049  0.000003  0.000011 -0.000048 -0.000005  0.000010  0.000004 -0.000008  0.000014 -0.000027  0.000017  0.000047 -0.000020  0.000007 -0.000009  0.000024  0.000000 -0.000006  0.000004  0.003328  0.000008  0.000013
Row   23    0.000016  0.000114 -0.000072 -0.000005 -0.000012  0.000071  0.000007 -0.000029 -0.000012  0.000012 -0.000008  0.000029 -0.000024 -0.000069  0.000046 -0.000012  0.000013 -0.000041 -0.000001 -0.000000 -0.000005  0.000008  0.003326 -0.000016
Row   24    0.000023  0.000183 -0.000116 -0.000007 -0.000023  0.000114  0.000011 -0.000035 -0.000015  0.000019 -0.000024  0.000056 -0.000040 -0.000112  0.000060 -0.000018  0.000021 -0.000062 -0.000001  0.000007 -0.000009  0.000013 -0.000016  0.003304

***** Geometry optimization cycle number   2 ******

Predicted structure change p_k = -M_k grad V(r_k)
C     -0.007174      0.035376     -0.020705
C      0.002111     -0.021223      0.022300
H      0.002785      0.048706      0.022269
H      0.000848     -0.056377      0.053274
H     -0.007751     -0.024011     -0.060790
H      0.001281      0.002404      0.007793
H      0.005121      0.036657     -0.004557
H      0.002778     -0.021531     -0.019584
    Line search: alpha and energy:     0.800000     1.409414
New structure r_k+1 = r_k + s_k = r_k + alpha_k p_k
C     -0.775515     -0.009588      0.039205
C      0.762042     -0.009606      0.013015
H     -1.143325      0.726705      0.814911
H     -1.149243      0.305102     -0.937448
H     -1.127787     -0.974786      0.384661
H      1.151317     -0.358525      1.002859
H      1.146292      1.042783     -0.178016
H      1.136220     -0.672085     -0.789187
Energy before update and after:     5.31811830     1.40941361 And GRMS:     12.0741185
New gradient g_k+1:
C    -12.121371    -28.905949    -27.668067
C     -5.940428    -18.981412     -5.908238
H     -7.555635      6.704309     11.370132
H      7.843718      2.843176     12.071331
H      7.764203     19.618670      5.279640
H      2.298013     -1.653312      5.827560
H      7.469320     16.785720     -2.448882
H      0.242179      3.588798      1.476523
Updated guess for the Inverse Hessian (equation 12)
Row    1    0.003277 -0.000066 -0.000053 -0.000003 -0.000083 -0.000015 -0.000015  0.000158  0.000089  0.000009 -0.000126  0.000134  0.000017  0.000038 -0.000176  0.000018 -0.000008  0.000065  0.000030  0.000127 -0.000012  0.000001 -0.000039 -0.000032
Row    2   -0.000066  0.002822  0.000819  0.000123  0.000174 -0.000445  0.000036  0.000513  0.000139 -0.000187 -0.000321 -0.000050  0.000093  0.000273 -0.000880  0.000095 -0.000088  0.000366 -0.000033  0.000067  0.000045 -0.000061 -0.000107  0.000008
Row    3   -0.000053  0.000819  0.002548 -0.000045 -0.000393  0.000588  0.000019  0.000347  0.000215  0.000125 -0.000577  0.000760 -0.000168 -0.000509 -0.000289 -0.000043  0.000089 -0.000124  0.000088  0.000456 -0.000090  0.000076 -0.000231 -0.000275
Row    4   -0.000003  0.000123 -0.000045  0.003340 -0.000036  0.000070  0.000012  0.000092  0.000037 -0.000000 -0.000124  0.000113 -0.000028 -0.000081 -0.000120 -0.000002  0.000010  0.000002  0.000006  0.000067 -0.000010  0.000008 -0.000050 -0.000047
Row    5   -0.000083  0.000174 -0.000393 -0.000036  0.003094  0.000187 -0.000023  0.000221  0.000155  0.000074 -0.000259  0.000374 -0.000028 -0.000105 -0.000171  0.000000  0.000023  0.000004  0.000069  0.000276 -0.000046  0.000029 -0.000091 -0.000110
Row    6   -0.000015 -0.000445  0.000588  0.000070  0.000187  0.002975  0.000013  0.000144  0.000006 -0.000120  0.000003 -0.000224  0.000086  0.000256 -0.000331  0.000055 -0.000063  0.000200 -0.000040 -0.000091  0.000044 -0.000048  0.000011  0.000075
Row    7   -0.000015  0.000036  0.000019  0.000012 -0.000023  0.000013  0.003342  0.000117  0.000046 -0.000012 -0.000120  0.000089 -0.000009 -0.000029 -0.000163  0.000008 -0.000001  0.000036  0.000006  0.000066 -0.000005  0.000001 -0.000045 -0.000034
Row    8    0.000158  0.000513  0.000347  0.000092  0.000221  0.000144  0.000117  0.003361 -0.000108 -0.000112 -0.000187 -0.000037 -0.000133 -0.000348 -0.000233 -0.000030  0.000030 -0.000065 -0.000095 -0.000149  0.000024  0.000004 -0.000108 -0.000072
Row    9    0.000089  0.000139  0.000215  0.000037  0.000155  0.000006  0.000046 -0.000108  0.003229 -0.000054  0.000057 -0.000153 -0.000040 -0.000094  0.000043 -0.000016  0.000007 -0.000047 -0.000056 -0.000160  0.000023 -0.000006  0.000005  0.000017
Row   10    0.000009 -0.000187  0.000125 -0.000000  0.000074 -0.000120 -0.000012 -0.000112 -0.000054  0.003319  0.000162 -0.000175  0.000040  0.000120  0.000127  0.000006 -0.000017  0.000012 -0.000015 -0.000105  0.000018 -0.000015  0.000065  0.000068
Row   11   -0.000126 -0.000321 -0.000577 -0.000124 -0.000259  0.000003 -0.000120 -0.000187  0.000057  0.000162  0.003609  0.000048  0.000096  0.000241  0.000493 -0.000001 -0.000001 -0.000053  0.000099  0.000117 -0.000036  0.000015  0.000135  0.000066
Row   12    0.000134 -0.000050  0.000760  0.000113  0.000374 -0.000224  0.000089 -0.000037 -0.000153 -0.000175  0.000048  0.002964 -0.000014  0.000001 -0.000214  0.000012 -0.000031  0.000069 -0.000118 -0.000303  0.000066 -0.000041 -0.000002  0.000065
Row   13    0.000017  0.000093 -0.000168 -0.000028 -0.000028  0.000086 -0.000009 -0.000133 -0.000040  0.000040  0.000096 -0.000014  0.003317 -0.000047  0.000218 -0.000021  0.000018 -0.000082  0.000005 -0.000031 -0.000008  0.000012  0.000033  0.000007
Row   14    0.000038  0.000273 -0.000509 -0.000081 -0.000105  0.000256 -0.000029 -0.000348 -0.000094  0.000120  0.000241  0.000001 -0.000047  0.003194  0.000591 -0.000058  0.000052 -0.000228  0.000021 -0.000057 -0.000026  0.000036  0.000084  0.000010
Row   15   -0.000176 -0.000880 -0.000289 -0.000120 -0.000171 -0.000331 -0.000163 -0.000233  0.000043  0.000127  0.000493 -0.000214  0.000218  0.000591  0.003864  0.000041 -0.000058  0.000075  0.000097  0.000022 -0.000005 -0.000023  0.000237  0.000190
Row   16    0.000018  0.000095 -0.000043 -0.000002  0.000000  0.000055  0.000008 -0.000030 -0.000016  0.000006 -0.000001  0.000012 -0.000021 -0.000058  0.000041  0.003323  0.000010 -0.000035 -0.000004 -0.000011 -0.000003  0.000006 -0.000005 -0.000011
Row   17   -0.000008 -0.000088  0.000089  0.000010  0.000023 -0.000063 -0.000001  0.000030  0.000007 -0.000017 -0.000001 -0.000031  0.000018  0.000052 -0.000058  0.000010  0.003322  0.000038 -0.000003 -0.000007  0.000006 -0.000008  0.000002  0.000013
Row   18    0.000065  0.000366 -0.000124  0.000002  0.000004  0.000200  0.000036 -0.000065 -0.000047  0.000012 -0.000053  0.000069 -0.000082 -0.000228  0.000075 -0.000035  0.000038  0.003222 -0.000018 -0.000024 -0.000009  0.000021 -0.000037 -0.000053
Row   19    0.000030 -0.000033  0.000088  0.000006  0.000069 -0.000040  0.000006 -0.000095 -0.000056 -0.000015  0.000099 -0.000118  0.000005  0.000021  0.000097 -0.000004 -0.000003 -0.000018  0.003313 -0.000092  0.000013 -0.000006  0.000034  0.000035
Row   20    0.000127  0.000067  0.000456  0.000067  0.000276 -0.000091  0.000066 -0.000149 -0.000160 -0.000105  0.000117 -0.000303 -0.000031 -0.000057  0.000022 -0.000011 -0.000007 -0.000024 -0.000092  0.003062  0.000045 -0.000021  0.000024  0.000055
Row   21   -0.000012  0.000045 -0.000090 -0.000010 -0.000046  0.000044 -0.000005  0.000024  0.000023  0.000018 -0.000036  0.000066 -0.000008 -0.000026 -0.000005 -0.000003  0.000006 -0.000009  0.000013  0.000045  0.003324  0.000007 -0.000013 -0.000019
Row   22    0.000001 -0.000061  0.000076  0.000008  0.000029 -0.000048  0.000001  0.000004 -0.000006 -0.000015  0.000015 -0.000041  0.000012  0.000036 -0.000023  0.000006 -0.000008  0.000021 -0.000006 -0.000021  0.000007  0.003327  0.000007  0.000014
Row   23   -0.000039 -0.000107 -0.000231 -0.000050 -0.000091  0.000011 -0.000045 -0.000108  0.000005  0.000065  0.000135 -0.000002  0.000033  0.000084  0.000237 -0.000005  0.000002 -0.000037  0.000034  0.000024 -0.000013  0.000007  0.003394  0.000031
Row   24   -0.000032  0.000008 -0.000275 -0.000047 -0.000110  0.000075 -0.000034 -0.000072  0.000017  0.000068  0.000066  0.000065  0.000007  0.000010  0.000190 -0.000011  0.000013 -0.000053  0.000035  0.000055 -0.000019  0.000014  0.000031  0.003333

***** Geometry optimization cycle number   3 ******

Predicted structure change p_k = -M_k grad V(r_k)
C      0.028590      0.098778      0.082602
C      0.021378      0.043385      0.023915
H      0.024706      0.026717     -0.013920
H     -0.026099     -0.055940      0.002554
H     -0.026198     -0.068611     -0.078034
H     -0.003737      0.004689     -0.003533
H     -0.018665     -0.020718      0.004746
H      0.000024     -0.028299     -0.018330
    Line search: alpha and energy:     0.800000     6.323647
    Line search: alpha and energy:     0.640000     3.226252
    Line search: alpha and energy:     0.512000     1.533727
    Line search: alpha and energy:     0.409600     0.670814
New structure r_k+1 = r_k + s_k = r_k + alpha_k p_k
C     -0.763805      0.030871      0.073039
C      0.770798      0.008164      0.022811
H     -1.133205      0.737648      0.809209
H     -1.159934      0.282189     -0.936402
H     -1.138518     -1.002889      0.352698
H      1.149787     -0.356605      1.001412
H      1.138647      1.034297     -0.176072
H      1.136230     -0.683677     -0.796695
Energy before update and after:     1.40941361     0.67081448 And GRMS:      9.8176666
New gradient g_k+1:
C      0.725323     33.196732     12.510559
C     -1.198058      9.662390      8.461081
H      3.405486    -12.965867    -11.435669
H     -0.581270     -2.291779     -2.662817
H     -6.209755    -15.289260      4.608796
H     -1.314873     -2.210751      0.376117
H     -1.567046     -1.052440     -0.309656
H      6.740194     -9.049024    -11.548412
Updated guess for the Inverse Hessian (equation 12)
Row    1    0.003306 -0.000154 -0.000113  0.000011 -0.000108 -0.000019 -0.000018  0.000193  0.000123  0.000005 -0.000108  0.000130  0.000028  0.000059 -0.000169  0.000014  0.000015  0.000026  0.000023  0.000092 -0.000008 -0.000036  0.000009  0.000030
Row    2   -0.000154  0.001870  0.000066  0.000032 -0.000195 -0.000617 -0.000138  0.000457  0.000348 -0.000029  0.000112 -0.000078  0.000302  0.000797 -0.000344  0.000106 -0.000038  0.000255  0.000068  0.000084  0.000029 -0.000187  0.000247  0.000341
Row    3   -0.000113  0.000066  0.001955 -0.000112 -0.000683  0.000456 -0.000115  0.000313  0.000384  0.000245 -0.000240  0.000738 -0.000005 -0.000101  0.000124 -0.000035  0.000132 -0.000218  0.000164  0.000461 -0.000101 -0.000029  0.000052 -0.000004
Row    4    0.000011  0.000032 -0.000112  0.003346 -0.000066  0.000061  0.000004  0.000111  0.000066  0.000004 -0.000095  0.000110 -0.000013 -0.000048 -0.000095 -0.000004  0.000026 -0.000026  0.000006  0.000047 -0.000007 -0.000019 -0.000006  0.000004
Row    5   -0.000108 -0.000195 -0.000683 -0.000066  0.002953  0.000123 -0.000088  0.000210  0.000240  0.000130 -0.000097  0.000363  0.000050  0.000092  0.000025  0.000003  0.000047 -0.000046  0.000104  0.000274 -0.000050 -0.000027  0.000051  0.000028
Row    6   -0.000019 -0.000617  0.000456  0.000061  0.000123  0.002948 -0.000015  0.000147  0.000048 -0.000098  0.000074 -0.000230  0.000120  0.000342 -0.000248  0.000055 -0.000049  0.000171 -0.000026 -0.000100  0.000044 -0.000079  0.000079  0.000145
Row    7   -0.000018 -0.000138 -0.000115  0.000004 -0.000088 -0.000015  0.003314  0.000121  0.000089  0.000011 -0.000048  0.000084  0.000026  0.000058 -0.000080  0.000008  0.000014  0.000006  0.000019  0.000057 -0.000006 -0.000030  0.000025  0.000037
Row    8    0.000193  0.000457  0.000313  0.000111  0.000210  0.000147  0.000121  0.003401 -0.000080 -0.000122 -0.000185 -0.000040 -0.000130 -0.000347 -0.000248 -0.000035  0.000053 -0.000102 -0.000106 -0.000187  0.000029 -0.000030 -0.000070 -0.000020
Row    9    0.000123  0.000348  0.000384  0.000066  0.000240  0.000048  0.000089 -0.000080  0.003189 -0.000096 -0.000047 -0.000147 -0.000089 -0.000221 -0.000092 -0.000021  0.000004 -0.000034 -0.000085 -0.000178  0.000028  0.000012 -0.000066 -0.000044
Row   10    0.000005 -0.000029  0.000245  0.000004  0.000130 -0.000098  0.000011 -0.000122 -0.000096  0.003302  0.000101 -0.000170  0.000010  0.000047  0.000060  0.000007 -0.000035  0.000044 -0.000024 -0.000090  0.000017  0.000018 -0.000001 -0.000003
Row   11   -0.000108  0.000112 -0.000240 -0.000095 -0.000097  0.000074 -0.000048 -0.000185 -0.000047  0.000101  0.003425  0.000061  0.000006  0.000018  0.000273 -0.000004 -0.000034  0.000014  0.000062  0.000130 -0.000032  0.000087 -0.000035 -0.000103
Row   12    0.000130 -0.000078  0.000738  0.000110  0.000363 -0.000230  0.000084 -0.000040 -0.000147 -0.000170  0.000061  0.002963 -0.000007  0.000016 -0.000197  0.000013 -0.000030  0.000066 -0.000115 -0.000302  0.000065 -0.000045  0.000008  0.000074
Row   13    0.000028  0.000302 -0.000005 -0.000013  0.000050  0.000120  0.000026 -0.000130 -0.000089  0.000010  0.000006 -0.000007  0.003273 -0.000156  0.000111 -0.000022  0.000003 -0.000051 -0.000013 -0.000026 -0.000006  0.000045 -0.000048 -0.000073
Row   14    0.000059  0.000797 -0.000101 -0.000048  0.000092  0.000342  0.000058 -0.000347 -0.000221  0.000047  0.000018  0.000016 -0.000156  0.002925  0.000327 -0.000061  0.000011 -0.000146 -0.000022 -0.000040 -0.000021  0.000123 -0.000123 -0.000196
Row   15   -0.000169 -0.000344  0.000124 -0.000095  0.000025 -0.000248 -0.000080 -0.000248 -0.000092  0.000060  0.000273 -0.000197  0.000111  0.000327  0.003612  0.000040 -0.000107  0.000171  0.000058  0.000054 -0.000003  0.000076  0.000019 -0.000033
Row   16    0.000014  0.000106 -0.000035 -0.000004  0.000003  0.000055  0.000008 -0.000035 -0.000021  0.000007 -0.000004  0.000013 -0.000022 -0.000061  0.000040  0.003324  0.000007 -0.000030 -0.000004 -0.000006 -0.000003  0.000011 -0.000011 -0.000019
Row   17    0.000015 -0.000038  0.000132  0.000026  0.000047 -0.000049  0.000014  0.000053  0.000004 -0.000035 -0.000034 -0.000030  0.000003  0.000011 -0.000107  0.000007  0.003329  0.000029 -0.000016 -0.000026  0.000010 -0.000014 -0.000008  0.000011
Row   18    0.000026  0.000255 -0.000218 -0.000026 -0.000046  0.000171  0.000006 -0.000102 -0.000034  0.000044  0.000014  0.000066 -0.000051 -0.000146  0.000171 -0.000030  0.000029  0.003231  0.000005  0.000006 -0.000016  0.000026 -0.000009 -0.000038
Row   19    0.000023  0.000068  0.000164  0.000006  0.000104 -0.000026  0.000019 -0.000106 -0.000085 -0.000024  0.000062 -0.000115 -0.000013 -0.000022  0.000058 -0.000004 -0.000016  0.000005  0.003309 -0.000079  0.000012  0.000017 -0.000010 -0.000013
Row   20    0.000092  0.000084  0.000461  0.000047  0.000274 -0.000100  0.000057 -0.000187 -0.000178 -0.000090  0.000130 -0.000302 -0.000026 -0.000040  0.000054 -0.000006 -0.000026  0.000006 -0.000079  0.003097  0.000040  0.000005  0.000002  0.000019
Row   21   -0.000008  0.000029 -0.000101 -0.000007 -0.000050  0.000044 -0.000006  0.000029  0.000028  0.000017 -0.000032  0.000065 -0.000006 -0.000021 -0.000003 -0.000003  0.000010 -0.000016  0.000012  0.000040  0.003325  0.000001 -0.000004 -0.000009
Row   22   -0.000036 -0.000187 -0.000029 -0.000019 -0.000027 -0.000079 -0.000030 -0.000030  0.000012  0.000018  0.000087 -0.000045  0.000045  0.000123  0.000076  0.000011 -0.000014  0.000026  0.000017  0.000005  0.000001  0.003327  0.000043  0.000038
Row   23    0.000009  0.000247  0.000052 -0.000006  0.000051  0.000079  0.000025 -0.000070 -0.000066 -0.000001 -0.000035  0.000008 -0.000048 -0.000123  0.000019 -0.000011 -0.000008 -0.000009 -0.000010  0.000002 -0.000004  0.000043  0.003270 -0.000080
Row   24    0.000030  0.000341 -0.000004  0.000004  0.000028  0.000145  0.000037 -0.000020 -0.000044 -0.000003 -0.000103  0.000074 -0.000073 -0.000196 -0.000033 -0.000019  0.000011 -0.000038 -0.000013  0.000019 -0.000009  0.000038 -0.000080  0.003242

***** Geometry optimization cycle number   4 ******

Predicted structure change p_k = -M_k grad V(r_k)
C      0.012104     -0.021978     -0.014058
C      0.006569     -0.004846      0.000533
H      0.000832      0.013935      0.010476
H     -0.003441      0.001952     -0.000912
H      0.001511      0.001783     -0.003913
H     -0.001569      0.008243     -0.013478
H     -0.003656     -0.013328      0.001879
H     -0.012350      0.014239      0.019472
    Line search: alpha and energy:     0.800000     0.196301
New structure r_k+1 = r_k + s_k = r_k + alpha_k p_k
C     -0.754121      0.013289      0.061793
C      0.776054      0.004287      0.023237
H     -1.132540      0.748796      0.817590
H     -1.162687      0.283751     -0.937131
H     -1.137309     -1.001463      0.349568
H      1.148531     -0.350010      0.990630
H      1.135722      1.023635     -0.174569
H      1.126350     -0.672286     -0.781117
Energy before update and after:     0.67081448     0.19630117 And GRMS:      5.1204412
New gradient g_k+1:
C     11.644035      3.888952     -5.918187
C      8.919905      2.640118      6.157425
H     -5.109092      3.771545      4.476138
H     -1.912332     -0.190036     -1.206974
H     -4.407817     -6.608624      3.773507
H     -5.110218      1.859467     -8.962682
H     -3.608777     -6.993827      1.094377
H     -0.415704      1.632404      0.586395
Updated guess for the Inverse Hessian (equation 12)
Row    1    0.002963  0.000140  0.000112 -0.000234 -0.000098 -0.000080  0.000066 -0.000088 -0.000104  0.000093 -0.000119  0.000173  0.000068  0.000103 -0.000129  0.000113 -0.000111  0.000317  0.000131  0.000373 -0.000054  0.000133 -0.000199 -0.000234
Row    2    0.000140  0.001934  0.000039  0.000299 -0.000081 -0.000519 -0.000314  0.000589  0.000476 -0.000094  0.000080 -0.000131  0.000187  0.000670 -0.000311 -0.000031 -0.000033  0.000092 -0.000028 -0.000064  0.000062 -0.000159  0.000238  0.000291
Row    3    0.000112  0.000039  0.001895  0.000079 -0.000625  0.000520 -0.000225  0.000440  0.000499  0.000193 -0.000255  0.000701 -0.000074 -0.000177  0.000133 -0.000128  0.000161 -0.000364  0.000091  0.000325 -0.000074 -0.000049  0.000091  0.000024
Row    4   -0.000234  0.000299  0.000079  0.003180 -0.000037  0.000024  0.000045 -0.000110 -0.000109  0.000068 -0.000111  0.000138  0.000001 -0.000033 -0.000054  0.000058 -0.000083  0.000198  0.000082  0.000264 -0.000042  0.000133 -0.000189 -0.000235
Row    5   -0.000098 -0.000081 -0.000625 -0.000037  0.003000  0.000142 -0.000130  0.000175  0.000221  0.000131 -0.000113  0.000356  0.000018  0.000056  0.000050 -0.000020  0.000011 -0.000021  0.000099  0.000302 -0.000052  0.000036 -0.000016 -0.000072
Row    6   -0.000080 -0.000519  0.000520  0.000024  0.000142  0.002943 -0.000014  0.000081 -0.000002 -0.000081  0.000066 -0.000224  0.000116  0.000337 -0.000231  0.000066 -0.000086  0.000236 -0.000008 -0.000036  0.000034 -0.000024  0.000015  0.000059
Row    7    0.000066 -0.000314 -0.000225  0.000045 -0.000130 -0.000014  0.003328  0.000225  0.000167 -0.000014 -0.000032  0.000078  0.000042  0.000077 -0.000112  0.000001  0.000079 -0.000094 -0.000006 -0.000042  0.000008 -0.000129  0.000137  0.000192
Row    8   -0.000088  0.000589  0.000440 -0.000110  0.000175  0.000081  0.000225  0.003209 -0.000243 -0.000054 -0.000180  0.000001 -0.000070 -0.000280 -0.000238  0.000065 -0.000014  0.000106 -0.000017  0.000011 -0.000006  0.000048 -0.000176 -0.000140
Row    9   -0.000104  0.000476  0.000499 -0.000109  0.000221 -0.000002  0.000167 -0.000243  0.003052 -0.000040 -0.000046 -0.000115 -0.000046 -0.000173 -0.000079  0.000056 -0.000059  0.000141 -0.000013 -0.000012 -0.000001  0.000088 -0.000165 -0.000161
Row   10    0.000093 -0.000094  0.000193  0.000068  0.000131 -0.000081 -0.000014 -0.000054 -0.000040  0.003280  0.000103 -0.000181 -0.000003  0.000033  0.000052 -0.000020 -0.000006 -0.000027 -0.000051 -0.000158  0.000029 -0.000019  0.000046  0.000056
Row   11   -0.000119  0.000080 -0.000255 -0.000111 -0.000113  0.000066 -0.000032 -0.000180 -0.000046  0.000103  0.003430  0.000065  0.000018  0.000031  0.000266  0.000007 -0.000025  0.000012  0.000066  0.000127 -0.000033  0.000069 -0.000018 -0.000076
Row   12    0.000173 -0.000131  0.000701  0.000138  0.000356 -0.000224  0.000078  0.000001 -0.000115 -0.000181  0.000065  0.002959 -0.000008  0.000016 -0.000205  0.000003 -0.000009  0.000026 -0.000128 -0.000341  0.000071 -0.000074  0.000043  0.000121
Row   13    0.000068  0.000187 -0.000074  0.000001  0.000018  0.000116  0.000042 -0.000070 -0.000046 -0.000003  0.000018 -0.000008  0.003289 -0.000138  0.000089 -0.000021  0.000044 -0.000108 -0.000025 -0.000083  0.000002 -0.000019  0.000024  0.000028
Row   14    0.000103  0.000670 -0.000177 -0.000033  0.000056  0.000337  0.000077 -0.000280 -0.000173  0.000033  0.000031  0.000016 -0.000138  0.002945  0.000303 -0.000059  0.000056 -0.000207 -0.000035 -0.000102 -0.000014  0.000053 -0.000043 -0.000084
Row   15   -0.000129 -0.000311  0.000133 -0.000054  0.000050 -0.000231 -0.000112 -0.000238 -0.000079  0.000052  0.000266 -0.000205  0.000089  0.000303  0.003622  0.000017 -0.000114  0.000155  0.000045  0.000040  0.000001  0.000093  0.000004 -0.000061
Row   16    0.000113 -0.000031 -0.000128  0.000058 -0.000020  0.000066  0.000001  0.000065  0.000056 -0.000020  0.000007  0.000003 -0.000021 -0.000059  0.000017  0.003304  0.000061 -0.000128 -0.000034 -0.000103  0.000011 -0.000067  0.000080  0.000103
Row   17   -0.000111 -0.000033  0.000161 -0.000083  0.000011 -0.000086  0.000079 -0.000014 -0.000059 -0.000006 -0.000025 -0.000009  0.000044  0.000056 -0.000114  0.000061  0.003316  0.000108  0.000024  0.000048 -0.000005 -0.000008 -0.000024  0.000004
Row   18    0.000317  0.000092 -0.000364  0.000198 -0.000021  0.000236 -0.000094  0.000106  0.000141 -0.000027  0.000012  0.000026 -0.000108 -0.000207  0.000155 -0.000128  0.000108  0.003008 -0.000087 -0.000207  0.000022 -0.000070  0.000117  0.000110
Row   19    0.000131 -0.000028  0.000091  0.000082  0.000099 -0.000008 -0.000006 -0.000017 -0.000013 -0.000051  0.000066 -0.000128 -0.000025 -0.000035  0.000045 -0.000034  0.000024 -0.000087  0.003275 -0.000168  0.000026 -0.000038  0.000058  0.000073
Row   20    0.000373 -0.000064  0.000325  0.000264  0.000302 -0.000036 -0.000042  0.000011 -0.000012 -0.000158  0.000127 -0.000341 -0.000083 -0.000102  0.000040 -0.000103  0.000048 -0.000207 -0.000168  0.002894  0.000076 -0.000083  0.000118  0.000154
Row   21   -0.000054  0.000062 -0.000074 -0.000042 -0.000052  0.000034  0.000008 -0.000006 -0.000001  0.000029 -0.000033  0.000071  0.000002 -0.000014  0.000001  0.000011 -0.000005  0.000022  0.000026  0.000076  0.003319  0.000020 -0.000028 -0.000038
Row   22    0.000133 -0.000159 -0.000049  0.000133  0.000036 -0.000024 -0.000129  0.000048  0.000088 -0.000019  0.000069 -0.000074 -0.000019  0.000053  0.000093 -0.000067 -0.000008 -0.000070 -0.000038 -0.000083  0.000020  0.003338  0.000043  0.000016
Row   23   -0.000199  0.000238  0.000091 -0.000189 -0.000016  0.000015  0.000137 -0.000176 -0.000165  0.000046 -0.000018  0.000043  0.000024 -0.000043  0.000004  0.000080 -0.000024  0.000117  0.000058  0.000118 -0.000028  0.000043  0.003254 -0.000076
Row   24   -0.000234  0.000291  0.000024 -0.000235 -0.000072  0.000059  0.000192 -0.000140 -0.000161  0.000056 -0.000076  0.000121  0.000028 -0.000084 -0.000061  0.000103  0.000004  0.000110  0.000073  0.000154 -0.000038  0.000016 -0.000076  0.003280

***** Geometry optimization cycle number   5 ******

Predicted structure change p_k = -M_k grad V(r_k)
C     -0.021295     -0.008538     -0.000077
C     -0.020073     -0.009803     -0.007633
H      0.014018     -0.008179     -0.008509
H      0.004598      0.002830      0.004012
H      0.009295      0.010308     -0.003219
H      0.010652      0.000880      0.010711
H      0.006988      0.009579     -0.002305
H     -0.004182      0.002923      0.007019
    Line search: alpha and energy:     0.800000     0.090655
New structure r_k+1 = r_k + s_k = r_k + alpha_k p_k
C     -0.771157      0.006459      0.061731
C      0.759996     -0.003555      0.017131
H     -1.121326      0.742253      0.810782
H     -1.159008      0.286015     -0.933922
H     -1.129873     -0.993216      0.346993
H      1.157053     -0.349306      0.999198
H      1.141312      1.031298     -0.176412
H      1.123004     -0.669947     -0.775502
Energy before update and after:     0.19630117     0.09065462 And GRMS:      4.7923032
New gradient g_k+1:
C     -6.231381     -4.183407     -0.143786
C     -2.963114    -12.778198    -10.053561
H      0.121603     -1.464627     -1.912147
H      2.421143     -0.420537      3.320664
H      3.252767      6.905471      0.170273
H      1.380391     -0.703659      2.484155
H      3.321483      6.018021     -0.116617
H     -1.302891      6.626936      6.251019
Updated guess for the Inverse Hessian (equation 12)
Row    1    0.002895  0.000204  0.000149 -0.000250 -0.000477 -0.000357  0.000065 -0.000205 -0.000221  0.000142 -0.000112  0.000215  0.000108  0.000190 -0.000032  0.000102 -0.000107  0.000272  0.000189  0.000439 -0.000038  0.000082  0.000068  0.000011
Row    2    0.000204  0.001996  0.000054  0.000379 -0.000191 -0.000597 -0.000375  0.000577  0.000466 -0.000094  0.000071 -0.000131  0.000163  0.000661 -0.000258 -0.000082 -0.000035  0.000028 -0.000035 -0.000078  0.000078 -0.000161  0.000333  0.000360
Row    3    0.000149  0.000054  0.001895  0.000114 -0.000609  0.000532 -0.000249  0.000454  0.000513  0.000185 -0.000259  0.000694 -0.000090 -0.000194  0.000139 -0.000146  0.000159 -0.000383  0.000079  0.000309 -0.000070 -0.000042  0.000087  0.000013
Row    4   -0.000250  0.000379  0.000114  0.003211 -0.000372 -0.000219  0.000013 -0.000201 -0.000200  0.000104 -0.000111  0.000168  0.000018  0.000026  0.000045  0.000023 -0.000081  0.000132  0.000121  0.000305 -0.000021  0.000094  0.000056 -0.000019
